Profiles of file: D:\Results\VW\Conti_1019\ICAS1 - Einzelkomponenten\Marvell-Switch\Oberseite\Linien\20191113_151753\025\Default0001.frt
xrange = [0.000000000000 m, 0.0378409830739 m]
xsize = 0.0378409830739 m
yrange = - 
ysize = -
zrange = [3.05185094760E-007 m, 0.00522751548814 m ]
zsize = 0.00522721030305 m
xpoints = 1515
ypoints = 1
- end of header -
Profile 7	 	
x [m]	z [m]	
x0 = 0.180859997869	y0=0.177671998739	
x1 = 0.151360005140	y1=0.153971999884

0.000000000000 		8.42310861538E-005	
2.49940443025E-005 	8.36207159642E-005	
4.99880886049E-005 	0.000120853297525	
7.49821329074E-005 	9.27762688070E-005	
9.99761772098E-005 	0.000102237006745	
0.000124970221512 	9.82696005127E-005	
0.000149964265815 	8.81984923856E-005	
0.000174958310117 	7.81273842586E-005	
0.000199952354420 	9.30814539018E-005	
0.000224946398722 	9.85747856075E-005	
0.000249940443025 	9.43021942808E-005	
0.000274934487327 	9.58281197546E-005	
0.000299928531629 	9.73540452284E-005	
0.000324922575932 	9.73540452284E-005	
0.000349916620234 	9.03347880490E-005	
0.000374910664537 	9.67436750389E-005	
0.000399904708839 	9.24710837123E-005	
0.000424898753142 	0.000102237006745	
0.000449892797444 	0.000105899227882	
0.000474886841747 	8.94192327647E-005	
0.000499880886049 	0.000108035523545	
0.000524874930351 	9.70488601337E-005	
0.000549868974654 	9.64384899442E-005	
0.000574863018956 	0.000120242927335	
0.000599857063259 	8.75881221961E-005	
0.000624851107561 	7.93481246376E-005	
0.000649845151864 	9.30814539018E-005	
0.000674839196166 	0.000110782189398	
0.000699833240469 	8.94192327647E-005	
0.000724827284771 	9.73540452284E-005	
0.000749821329074 	9.55229346599E-005	
0.000774815373376 	9.73540452284E-005	
0.000799809417678 	0.000101321451460	
0.000824803461981 	0.000103152562029	
0.000849797506283 	9.64384899442E-005	
0.000874791550586 	8.42310861538E-005	
0.000899785594888 	9.79644154180E-005	
0.000924779639191 	8.66725669118E-005	
0.000949773683493 	8.69777520066E-005	
0.000974767727796 	9.39970091861E-005	
0.000999761772098 	9.52177495651E-005	
0.00102475581640 	8.91140476699E-005	
0.00104974986070 	0.000110782189398	
0.00107474390501 	0.000103762932218	
0.00109973794931 	9.06399731437E-005	
0.00112473199361 	8.97244178594E-005	
0.00114972603791 	9.43021942808E-005	
0.00117472008222 	8.51466414380E-005	
0.00119971412652 	9.79644154180E-005	
0.00122470817082 	9.70488601337E-005	
0.00124970221512 	0.000104983672597	
0.00127469625942 	8.69777520066E-005	
0.00129969030373 	9.39970091861E-005	
0.00132468434803 	9.21658986175E-005	
0.00134967839233 	9.06399731437E-005	
0.00137467243663 	9.43021942808E-005	
0.00139966648094 	9.79644154180E-005	
0.00142466052524 	8.45362712485E-005	
0.00144965456954 	9.61333048494E-005	
0.00147464861384 	9.24710837123E-005	
0.00149964265815 	0.000111392559587	
0.00152463670245 	8.81984923856E-005	
0.00154963074675 	0.000101931821650	
0.00157462479105 	7.93481246376E-005	
0.00159961883536 	0.000100711081271	
0.00162461287966 	9.67436750389E-005	
0.00164960692396 	9.00296029542E-005	
0.00167460096826 	9.18607135228E-005	
0.00169959501257 	8.20947904904E-005	
0.00172458905687 	0.000104678487503	
0.00174958310117 	0.000116580706198	
0.00177457714547 	8.39259010590E-005	
0.00179957118978 	9.67436750389E-005	
0.00182456523408 	9.27762688070E-005	
0.00184955927838 	8.48414563433E-005	
0.00187455332268 	0.000116275521104	
0.00189954736699 	9.30814539018E-005	
0.00192454141129 	9.70488601337E-005	
0.00194953545559 	8.63673818171E-005	
0.00197452949989 	9.06399731437E-005	
0.00199952354420 	7.53807184057E-005	
0.00202451758850 	0.000118106631672	
0.00204951163280 	0.000111392559587	
0.00207450567710 	9.09451582385E-005	
0.00209949972141 	9.33866389966E-005	
0.00212449376571 	9.43021942808E-005	
0.00214948781001 	9.43021942808E-005	
0.00217448185431 	8.81984923856E-005	
0.00219947589862 	9.97955259865E-005	
0.00222446994292 	8.48414563433E-005	
0.00224946398722 	9.49125644704E-005	
0.00227445803152 	9.43021942808E-005	
0.00229945207583 	8.66725669118E-005	
0.00232444612013 	0.000112002929777	
0.00234944016443 	9.09451582385E-005	
0.00237443420873 	8.54518265328E-005	
0.00239942825304 	8.20947904904E-005	
0.00242442229734 	9.70488601337E-005	
0.00244941634164 	9.27762688070E-005	
0.00247441038594 	9.49125644704E-005	
0.00249940443025 	9.94903408918E-005	
0.00252439847455 	8.85036774804E-005	
0.00254939251885 	8.91140476699E-005	
0.00257438656315 	7.66014587848E-005	
0.00259938060745 	0.000103457747124	
0.00262437465176 	0.000100405896176	
0.00264936869606 	9.76592303232E-005	
0.00267436274036 	8.75881221961E-005	
0.00269935678466 	9.43021942808E-005	
0.00272435082897 	8.57570116276E-005	
0.00274934487327 	9.15555284280E-005	
0.00277433891757 	9.18607135228E-005	
0.00279933296187 	8.42310861538E-005	
0.00282432700618 	0.000100711081271	
0.00284932105048 	0.000100405896176	
0.00287431509478 	0.000100405896176	
0.00289930913908 	8.81984923856E-005	
0.00292430318339 	9.00296029542E-005	
0.00294929722769 	9.43021942808E-005	
0.00297429127199 	9.61333048494E-005	
0.00299928531629 	8.91140476699E-005	
0.00302427936060 	9.06399731437E-005	
0.00304927340490 	9.18607135228E-005	
0.00307426744920 	0.000116885891293	
0.00309926149350 	9.30814539018E-005	
0.00312425553781 	8.85036774804E-005	
0.00314924958211 	0.000101626636555	
0.00317424362641 	7.93481246376E-005	
0.00319923767071 	8.39259010590E-005	
0.00322423171502 	0.000122989593188	
0.00324922575932 	0.000108951078829	
0.00327421980362 	9.03347880490E-005	
0.00329921384792 	9.24710837123E-005	
0.00332420789223 	9.58281197546E-005	
0.00334920193653 	8.14844203009E-005	
0.00337419598083 	8.57570116276E-005	
0.00339919002513 	0.000102542191839	
0.00342418406944 	0.000120242927335	
0.00344917811374 	8.57570116276E-005	
0.00347417215804 	0.000110782189398	
0.00349916620234 	9.12503433332E-005	
0.00352416024665 	8.57570116276E-005	
0.00354915429095 	8.48414563433E-005	
0.00357414833525 	9.33866389966E-005	
0.00359914237955 	8.91140476699E-005	
0.00362413642386 	8.30103457747E-005	
0.00364913046816 	9.33866389966E-005	
0.00367412451246 	8.78933072909E-005	
0.00369911855676 	7.75170140690E-005	
0.00372411260107 	9.79644154180E-005	
0.00374910664537 	9.88799707022E-005	
0.00377410068967 	8.72829371014E-005	
0.00379909473397 	8.42310861538E-005	
0.00382408877827 	8.51466414380E-005	
0.00384908282258 	8.17896053957E-005	
0.00387407686688 	7.81273842586E-005	
0.00389907091118 	8.45362712485E-005	
0.00392406495548 	9.39970091861E-005	
0.00394905899979 	9.36918240913E-005	
0.00397405304409 	8.72829371014E-005	
0.00399904708839 	8.23999755852E-005	
0.00402404113269 	9.12503433332E-005	
0.00404903517700 	8.45362712485E-005	
0.00407402922130 	8.85036774804E-005	
0.00409902326560 	9.24710837123E-005	
0.00412401730990 	7.93481246376E-005	
0.00414901135421 	8.51466414380E-005	
0.00417400539851 	9.64384899442E-005	
0.00419899944281 	9.52177495651E-005	
0.00422399348711 	8.72829371014E-005	
0.00424898753142 	8.30103457747E-005	
0.00427398157572 	8.51466414380E-005	
0.00429897562002 	0.000102847376934	
0.00432396966432 	8.36207159642E-005	
0.00434896370863 	8.14844203009E-005	
0.00437395775293 	8.08740501114E-005	
0.00439895179723 	8.11792352062E-005	
0.00442394584153 	8.66725669118E-005	
0.00444893988584 	7.90429395428E-005	
0.00447393393014 	8.14844203009E-005	
0.00449892797444 	9.43021942808E-005	
0.00452392201874 	9.79644154180E-005	
0.00454891606305 	9.09451582385E-005	
0.00457391010735 	7.75170140690E-005	
0.00459890415165 	8.51466414380E-005	
0.00462389819595 	9.06399731437E-005	
0.00464889224026 	8.51466414380E-005	
0.00467388628456 	9.39970091861E-005	
0.00469888032886 	7.81273842586E-005	
0.00472387437316 	9.55229346599E-005	
0.00474886841747 	8.66725669118E-005	
0.00477386246177 	9.91851557970E-005	
0.00479885650607 	9.43021942808E-005	
0.00482385055037 	8.51466414380E-005	
0.00484884459468 	8.51466414380E-005	
0.00487383863898 	8.02636799219E-005	
0.00489883268328 	9.03347880490E-005	
0.00492382672758 	9.15555284280E-005	
0.00494882077189 	8.78933072909E-005	
0.00497381481619 	8.57570116276E-005	
0.00499880886049 	0.000100405896176	
0.00502380290479 	9.61333048494E-005	
0.00504879694910 	8.02636799219E-005	
0.00507379099340 	8.05688650166E-005	
0.00509878503770 	8.33155308695E-005	
0.00512377908200 	9.61333048494E-005	
0.00514877312630 	9.06399731437E-005	
0.00517376717061 	8.36207159642E-005	
0.00519876121491 	8.81984923856E-005	
0.00522375525921 	7.90429395428E-005	
0.00524874930351 	7.99584948271E-005	
0.00527374334782 	8.60621967223E-005	
0.00529873739212 	8.05688650166E-005	
0.00532373143642 	8.51466414380E-005	
0.00534872548072 	8.78933072909E-005	
0.00537371952503 	9.06399731437E-005	
0.00539871356933 	8.05688650166E-005	
0.00542370761363 	7.56859035005E-005	
0.00544870165793 	7.81273842586E-005	
0.00547369570224 	7.93481246376E-005	
0.00549868974654 	8.97244178594E-005	
0.00552368379084 	9.12503433332E-005	
0.00554867783514 	7.56859035005E-005	
0.00557367187945 	7.56859035005E-005	
0.00559866592375 	8.20947904904E-005	
0.00562365996805 	9.06399731437E-005	
0.00564865401235 	8.14844203009E-005	
0.00567364805666 	8.02636799219E-005	
0.00569864210096 	7.78221991638E-005	
0.00572363614526 	7.87377544481E-005	
0.00574863018956 	8.75881221961E-005	
0.00577362423387 	8.69777520066E-005	
0.00579861827817 	9.18607135228E-005	
0.00582361232247 	8.33155308695E-005	
0.00584860636677 	8.75881221961E-005	
0.00587360041108 	8.05688650166E-005	
0.00589859445538 	9.21658986175E-005	
0.00592358849968 	9.64384899442E-005	
0.00594858254398 	8.51466414380E-005	
0.00597357658829 	8.45362712485E-005	
0.00599857063259 	7.29392376476E-005	
0.00602356467689 	9.52177495651E-005	
0.00604855872119 	8.66725669118E-005	
0.00607355276550 	0.000109256263924	
0.00609854680980 	9.36918240913E-005	
0.00612354085410 	8.75881221961E-005	
0.00614853489840 	8.23999755852E-005	
0.00617352894271 	9.36918240913E-005	
0.00619852298701 	8.78933072909E-005	
0.00622351703131 	9.64384899442E-005	
0.00624851107561 	8.02636799219E-005	
0.00627350511992 	0.000108645893735	
0.00629849916422 	7.47703482162E-005	
0.00632349320852 	8.57570116276E-005	
0.00634848725282 	7.66014587848E-005	
0.00637348129712 	7.96533097324E-005	
0.00639847534143 	9.30814539018E-005	
0.00642346938573 	8.97244178594E-005	
0.00644846343003 	7.75170140690E-005	
0.00647345747433 	9.30814539018E-005	
0.00649845151864 	8.72829371014E-005	
0.00652344556294 	7.90429395428E-005	
0.00654843960724 	8.02636799219E-005	
0.00657343365154 	8.63673818171E-005	
0.00659842769585 	9.12503433332E-005	
0.00662342174015 	0.000101016266366	
0.00664841578445 	8.66725669118E-005	
0.00667340982875 	8.42310861538E-005	
0.00669840387306 	7.11081270791E-005	
0.00672339791736 	9.33866389966E-005	
0.00674839196166 	7.69066438795E-005	
0.00677338600596 	7.99584948271E-005	
0.00679838005027 	8.39259010590E-005	
0.00682337409457 	7.01925717948E-005	
0.00684836813887 	6.04266487625E-005	
0.00687336218317 	5.12710959197E-005	
0.00689835622748 	9.58281197546E-005	
0.00692335027178 	0.000997650074770	
0.00694834431608 	0.000921964171270	
0.00697333836038 	0.000968657490768	
0.00699833240469 	0.000960722678304	
0.00702332644899 	0.000950651570177	
0.00704832049329 	0.00100344859157	
0.00707331453759 	0.000977202673421	
0.00709830858190 	0.000975371562853	
0.00712330262620 	0.000996734519486	
0.00714829667050 	0.000982390820032	
0.00717329071480 	0.000991851557970	
0.00719828475911 	0.000973845637379	
0.00722327880341 	0.000986663411359	
0.00724827284771 	6.89718314158E-005	
0.00727326689201 	7.56859035005E-005	
0.00729826093632 	9.61333048494E-005	
0.00732325498062 	4.76088747826E-005	
0.00734824902492 	4.97451704459E-005	
0.00737324306922 	5.85955381939E-005	
0.00739823711353 	6.16473891415E-005	
0.00742323115783 	6.53096102786E-005	
0.00744822520213 	6.74459059420E-005	
0.00747321924643 	7.53807184057E-005	
0.00749821329074 	0.000990325632496	
0.00752320733504 	0.00108737449263	
0.00754820137934 	0.00101718192083	
0.00757319542364 	0.00100863673818	
0.00759818946795 	0.00102145451216	
0.00762318351225 	0.00101565599536	
0.00764817755655 	0.00101077303385	
0.00767317160085 	0.00102237006745	
0.00769816564515 	0.00101229895932	
0.00772315968946 	0.000983611560411	
0.00774815373376 	0.00100283822138	
0.00777314777806 	0.00117770928068	
0.00779814182236 	 	
0.00782313586667 	 	
0.00784812991097 	 	
0.00787312395527 	 	
0.00789811799957 	 	
0.00792311204388 	 	
0.00794810608818 	 	
0.00797310013248 	 	
0.00799809417678 	 	
0.00802308822109 	0.00154820398572	
0.00804808226539 	0.00156346324046	
0.00807307630969 	 	
0.00809807035399 	0.00160161137730	
0.00812306439830 	0.00159489730522	
0.00814805844260 	0.00159764397107	
0.00817305248690 	0.00162327951903	
0.00819804653120 	0.00163060396130	
0.00822304057551 	0.00164464247566	
0.00824803461981 	0.00162663655507	
0.00827302866411 	0.00161900692770	
0.00829802270841 	0.00163274025697	
0.00832301675272 	0.00164220099490	
0.00834801079702 	0.00161564989166	
0.00837300484132 	0.00163487655263	
0.00839799888562 	0.00164769432661	
0.00842299292993 	0.00163518173772	
0.00844798697423 	0.00164525284585	
0.00847298101853 	0.00163335062716	
0.00849797506283 	0.00163853877377	
0.00852296910714 	0.00162755211035	
0.00854796315144 	0.00161900692770	
0.00857295719574 	0.00165288247322	
0.00859795124004 	0.00164220099490	
0.00862294528435 	0.00163304544206	
0.00864793932865 	0.00162358470412	
0.00867293337295 	0.00162327951903	
0.00869792741725 	0.00162236396374	
0.00872292146156 	0.00162450025941	
0.00874791550586 	0.00163945432905	
0.00877290955016 	0.00165135654775	
0.00879790359446 	0.00163335062716	
0.00882289763877 	0.00164281136509	
0.00884789168307 	0.00161595507675	
0.00887288572737 	0.00161442915128	
0.00889787977167 	0.00162755211035	
0.00892287381597 	0.00162602618488	
0.00894786786028 	0.00162144840846	
0.00897286190458 	0.00163121433149	
0.00899785594888 	0.00162083803827	
0.00902284999318 	0.00167516098514	
0.00904784403749 	0.00163243507187	
0.00907283808179 	0.00163335062716	
0.00909783212609 	0.00161503952147	
0.00912282617039 	0.00162694174017	
0.00914782021470 	0.00163274025697	
0.00917281425900 	0.00163060396130	
0.00919780830330 	0.00161564989166	
0.00922280234760 	0.00163914914396	
0.00924779639191 	0.00162022766808	
0.00927279043621 	0.00166051210059	
0.00929778448051 	0.00162022766808	
0.00932277852481 	0.00162663655507	
0.00934777256912 	0.00161992248299	
0.00937276661342 	0.00166112247078	
0.00939776065772 	0.00165013580737	
0.00942275470202 	0.00164036988433	
0.00944774874633 	0.00163762321848	
0.00947274279063 	0.00162266914884	
0.00949773683493 	0.00161290322581	
0.00952273087923 	0.00161168248543	
0.00954772492354 	0.00162724692526	
0.00957271896784 	0.00162755211035	
0.00959771301214 	0.00162602618488	
0.00962270705644 	0.00163121433149	
0.00964770110075 	0.00162205877865	
0.00967269514505 	0.00163884395886	
0.00969768918935 	0.00163701284829	
0.00972268323365 	0.00162877285073	
0.00974767727796 	0.00162388988922	
0.00977267132226 	0.00161290322581	
0.00979766536656 	0.00162480544450	
0.00982265941086 	0.00162724692526	
0.00984765345517 	0.00163640247810	
0.00987264749947 	0.00164494766076	
0.00989764154377 	0.00163670766320	
0.00992263558807 	0.00162511062960	
0.00994762963238 	0.00159672841578	
0.00997262367668 	0.00162602618488	
0.00999761772098 	0.00162633136998	
0.0100226117653 	0.00162785729545	
0.0100476058096 	0.00161870174261	
0.0100725998539 	0.00162144840846	
0.0100975938982 	0.00165440839869	
0.0101225879425 	0.00162968840602	
0.0101475819868 	0.00163274025697	
0.0101725760311 	0.00163579210791	
0.0101975700754 	0.00161931211280	
0.0102225641197 	0.00161229285562	
0.0102475581640 	0.00160893581957	
0.0102725522083 	0.00162083803827	
0.0102975462526 	0.00163365581225	
0.0103225402969 	0.00162388988922	
0.0103475343412 	0.00160283211768	
0.0103725283855 	0.00160710470901	
0.0103975224298 	0.00163090914640	
0.0104225164741 	0.00161595507675	
0.0104475105184 	0.00164067506943	
0.0104725045627 	0.00161595507675	
0.0104974986070 	0.00162572099979	
0.0105224926513 	0.00163335062716	
0.0105474866956 	0.00162968840602	
0.0105724807399 	0.00161320841090	
0.0105974747842 	0.00160924100467	
0.0106224688285 	0.00161351359600	
0.0106474628728 	0.00163060396130	
0.0106724569171 	0.00161656544694	
0.0106974509614 	0.00161412396619	
0.0107224450058 	0.00163914914396	
0.0107474390501 	0.00160710470901	
0.0107724330944 	0.00160405285806	
0.0107974271387 	0.00160679952391	
0.0108224211830 	0.00161137730033	
0.0108474152273 	0.00162724692526	
0.0108724092716 	0.00161168248543	
0.0108974033159 	0.00161870174261	
0.0109223973602 	0.00163274025697	
0.0109473914045 	0.00159398174993	
0.0109723854488 	0.00164616840114	
0.0109973794931 	0.00162877285073	
0.0110223735374 	0.00163365581225	
0.0110473675817 	0.00160954618976	
0.0110723616260 	0.00161564989166	
0.0110973556703 	0.00160771507920	
0.0111223497146 	0.00160283211768	
0.0111473437589 	0.00160985137486	
0.0111723378032 	0.00160802026429	
0.0111973318475 	0.00165837580493	
0.0112223258918 	0.00162694174017	
0.0112473199361 	0.00161107211524	
0.0112723139804 	0.00161320841090	
0.0112973080247 	0.00161381878109	
0.0113223020690 	0.00163121433149	
0.0113472961133 	0.00160313730277	
0.0113722901576 	0.00162450025941	
0.0113972842019 	0.00162297433393	
0.0114222782462 	0.00162022766808	
0.0114472722905 	0.00162144840846	
0.0114722663348 	0.00161656544694	
0.0114972603791 	0.00160679952391	
0.0115222544234 	0.00162236396374	
0.0115472484677 	0.00160649433882	
0.0115722425120 	0.00164555803095	
0.0115972365563 	0.00162572099979	
0.0116222306006 	0.00162541581469	
0.0116472246449 	0.00162450025941	
0.0116722186892 	0.00163792840358	
0.0116972127335 	0.00162999359111	
0.0117222067778 	0.00160924100467	
0.0117472008222 	0.00163274025697	
0.0117721948665 	0.00163823358867	
0.0117971889108 	0.00160893581957	
0.0118221829551 	0.00161015655995	
0.0118471769994 	0.00162144840846	
0.0118721710437 	0.00160863063448	
0.0118971650880 	0.00163365581225	
0.0119221591323 	0.00162327951903	
0.0119471531766 	0.00162419507431	
0.0119721472209 	0.00161564989166	
0.0119971412652 	0.00161687063204	
0.0120221353095 	0.00163060396130	
0.0120471293538 	0.00160771507920	
0.0120721233981 	0.00162419507431	
0.0120971174424 	0.00161717581713	
0.0121221114867 	0.00161168248543	
0.0121471055310 	0.00159550767541	
0.0121720995753 	0.00162663655507	
0.0121970936196 	0.00159916989654	
0.0122220876639 	0.00161595507675	
0.0122470817082 	0.00161931211280	
0.0122720757525 	0.00162419507431	
0.0122970697968 	0.00159489730522	
0.0123220638411 	0.00161076693014	
0.0123470578854 	0.00161473433638	
0.0123720519297 	0.00162938322092	
0.0123970459740 	0.00161809137242	
0.0124220400183 	0.00162663655507	
0.0124470340626 	0.00161381878109	
0.0124720281069 	0.00161809137242	
0.0124970221512 	0.00162144840846	
0.0125220161955 	0.00160313730277	
0.0125470102398 	0.00166264839625	
0.0125720042841 	0.00161259804071	
0.0125969983284 	0.00160527359844	
0.0126219923727 	0.00162236396374	
0.0126469864170 	0.00161473433638	
0.0126719804613 	0.00161900692770	
0.0126969745056 	0.00159916989654	
0.0127219685499 	0.00161656544694	
0.0127469625942 	0.00160954618976	
0.0127719566386 	0.00162022766808	
0.0127969506829 	0.00161748100223	
0.0128219447272 	0.00160893581957	
0.0128469387715 	0.00160802026429	
0.0128719328158 	0.00162419507431	
0.0128969268601 	0.00163212988678	
0.0129219209044 	0.00162327951903	
0.0129469149487 	0.00163579210791	
0.0129719089930 	0.00161442915128	
0.0129969030373 	0.00160496841334	
0.0130218970816 	0.00162297433393	
0.0130468911259 	0.00162419507431	
0.0130718851702 	0.00161900692770	
0.0130968792145 	0.00160130619221	
0.0131218732588 	0.00160649433882	
0.0131468673031 	0.00165349284341	
0.0131718613474 	0.00160374767296	
0.0131968553917 	0.00161229285562	
0.0132218494360 	0.00161473433638	
0.0132468434803 	0.00160679952391	
0.0132718375246 	0.00163853877377	
0.0132968315689 	0.00161076693014	
0.0133218256132 	0.00162266914884	
0.0133468196575 	0.00162541581469	
0.0133718137018 	0.00163579210791	
0.0133968077461 	0.00160771507920	
0.0134218017904 	0.00162388988922	
0.0134467958347 	0.00161412396619	
0.0134717898790 	0.00161107211524	
0.0134967839233 	0.00158330027161	
0.0135217779676 	0.00163945432905	
0.0135467720119 	0.00161992248299	
0.0135717660562 	0.00164403210547	
0.0135967601005 	0.00161107211524	
0.0136217541448 	0.00160710470901	
0.0136467481891 	0.00163365581225	
0.0136717422334 	0.00161626026185	
0.0136967362777 	0.00161412396619	
0.0137217303220 	0.00162114322336	
0.0137467243663 	0.00163823358867	
0.0137717184107 	0.00162541581469	
0.0137967124550 	0.00160740989410	
0.0138217064993 	0.00159459212012	
0.0138467005436 	0.00161809137242	
0.0138716945879 	0.00160100100711	
0.0138966886322 	0.00163090914640	
0.0139216826765 	0.00161839655751	
0.0139466767208 	0.00161595507675	
0.0139716707651 	0.00163640247810	
0.0139966648094 	0.00159886471145	
0.0140216588537 	0.00158635212256	
0.0140466528980 	0.00161107211524	
0.0140716469423 	0.00157963805048	
0.0140966409866 	0.00159855952635	
0.0141216350309 	0.00160557878353	
0.0141466290752 	0.00158421582690	
0.0141716231195 	0.00160344248787	
0.0141966171638 	0.00159855952635	
0.0142216112081 	0.00160954618976	
0.0142466052524 	0.00161015655995	
0.0142715992967 	0.00161870174261	
0.0142965933410 	0.00160832544939	
0.0143215873853 	0.00161320841090	
0.0143465814296 	0.00161076693014	
0.0143715754739 	0.00161076693014	
0.0143965695182 	0.00160771507920	
0.0144215635625 	0.00160313730277	
0.0144465576068 	0.00160222174749	
0.0144715516511 	0.00161320841090	
0.0144965456954 	0.00160039063692	
0.0145215397397 	0.00159123508408	
0.0145465337840 	0.00166539506211	
0.0145715278283 	0.00161473433638	
0.0145965218726 	0.00159794915616	
0.0146215159169 	0.00164983062227	
0.0146465099612 	0.00158757286294	
0.0146715040055 	0.00160252693258	
0.0146964980498 	0.00160649433882	
0.0147214920941 	0.00161046174505	
0.0147464861384 	0.00159001434370	
0.0147714801827 	0.00158238471633	
0.0147964742271 	0.00164952543718	
0.0148214682714 	0.00160344248787	
0.0148464623157 	0.00160161137730	
0.0148714563600 	0.00160130619221	
0.0148964504043 	0.00161351359600	
0.0149214444486 	0.00161870174261	
0.0149464384929 	0.00159672841578	
0.0149714325372 	0.00163518173772	
0.0149964265815 	0.00163579210791	
0.0150214206258 	0.00161259804071	
0.0150464146701 	0.00160710470901	
0.0150714087144 	0.00161870174261	
0.0150964027587 	0.00164006469924	
0.0151213968030 	0.00158940397351	
0.0151463908473 	0.00157963805048	
0.0151713848916 	0.00160435804315	
0.0151963789359 	0.00159642323069	
0.0152213729802 	0.00161198767052	
0.0152463670245 	0.00158818323313	
0.0152713610688 	0.00160100100711	
0.0152963551131 	0.00159306619465	
0.0153213491574 	0.00162511062960	
0.0153463432017 	0.00158268990143	
0.0153713372460 	0.00165288247322	
0.0153963312903 	0.00160496841334	
0.0154213253346 	0.00162450025941	
0.0154463193789 	0.00160435804315	
0.0154713134232 	0.00159611804559	
0.0154963074675 	0.00160832544939	
0.0155213015118 	0.00161961729789	
0.0155462955561 	0.00161290322581	
0.0155712896004 	0.00161687063204	
0.0155962836447 	0.00162327951903	
0.0156212776890 	0.00158543656728	
0.0156462717333 	0.00159672841578	
0.0156712657776 	0.00159978026673	
0.0156962598219 	0.00160191656240	
0.0157212538662 	0.00162633136998	
0.0157462479105 	0.00162388988922	
0.0157712419548 	0.00162053285318	
0.0157962359991 	0.00157841731010	
0.0158212300435 	0.00159855952635	
0.0158462240878 	0.00162327951903	
0.0158712181321 	0.00159276100955	
0.0158962121764 	0.00159398174993	
0.0159212062207 	0.00160588396863	
0.0159462002650 	0.00159642323069	
0.0159711943093 	0.00160344248787	
0.0159961883536 	0.00159794915616	
0.0160211823979 	0.00162480544450	
0.0160461764422 	0.00159611804559	
0.0160711704865 	0.00160557878353	
0.0160961645308 	0.00161809137242	
0.0161211585751 	0.00159367656484	
0.0161461526194 	0.00158726767785	
0.0161711466637 	0.00158238471633	
0.0161961407080 	0.00157536545915	
0.0162211347523 	0.00157811212500	
0.0162461287966 	0.00158055360576	
0.0162711228409 	0.00160008545183	
0.0162961168852 	0.00158818323313	
0.0163211109295 	0.00160191656240	
0.0163461049738 	0.00160100100711	
0.0163710990181 	0.00159245582446	
0.0163960930624 	0.00159550767541	
0.0164210871067 	0.00160405285806	
0.0164460811510 	0.00158268990143	
0.0164710751953 	0.00158207953124	
0.0164960692396 	0.00159916989654	
0.0165210632839 	0.00159092989898	
0.0165460573282 	0.00161503952147	
0.0165710513725 	0.00159825434126	
0.0165960454168 	0.00157444990387	
0.0166210394611 	0.00159428693503	
0.0166460335054 	0.00158940397351	
0.0166710275497 	0.00157292397839	
0.0166960215940 	0.00157994323557	
0.0167210156383 	0.00159825434126	
0.0167460096826 	0.00160313730277	
0.0167710037269 	0.00160557878353	
0.0167959977712 	0.00159306619465	
0.0168209918155 	0.00160435804315	
0.0168459858599 	0.00158696249275	
0.0168709799042 	0.00159550767541	
0.0168959739485 	0.00158330027161	
0.0169209679928 	0.00160435804315	
0.0169459620371 	0.00159672841578	
0.0169709560814 	0.00158482619709	
0.0169959501257 	0.00162083803827	
0.0170209441700 	0.00160100100711	
0.0170459382143 	0.00160557878353	
0.0170709322586 	0.00159855952635	
0.0170959263029 	0.00160771507920	
0.0171209203472 	0.00158726767785	
0.0171459143915 	0.00160374767296	
0.0171709084358 	0.00160130619221	
0.0171959024801 	0.00159428693503	
0.0172208965244 	0.00156590472121	
0.0172458905687 	0.00158818323313	
0.0172708846130 	0.00159184545427	
0.0172958786573 	0.00158207953124	
0.0173208727016 	0.00156895657216	
0.0173458667459 	0.00159703360088	
0.0173708607902 	0.00157506027406	
0.0173958548345 	0.00157261879330	
0.0174208488788 	0.00158818323313	
0.0174458429231 	0.00159947508164	
0.0174708369674 	0.00160008545183	
0.0174958310117 	0.00157322916349	
0.0175208250560 	0.00162999359111	
0.0175458191003 	0.00158696249275	
0.0175708131446 	0.00158085879086	
0.0175958071889 	0.00157750175481	
0.0176208012332 	0.00160069582202	
0.0176457952775 	0.00160618915372	
0.0176707893218 	0.00157902768029	
0.0176957833661 	0.00162602618488	
0.0177207774104 	0.00157231360820	
0.0177457714547 	0.00159215063936	
0.0177707654990 	0.00166997283853	
0.0177957595433 	0.00160924100467	
0.0178207535876 	0.00158177434614	
0.0178457476319 	0.00159428693503	
0.0178707416763 	0.00159642323069	
0.0178957357206 	0.00157811212500	
0.0179207297649 	0.00160435804315	
0.0179457238092 	0.00159184545427	
0.0179707178535 	0.00157963805048	
0.0179957118978 	0.00159581286050	
0.0180207059421 	0.00159001434370	
0.0180456999864 	0.00157994323557	
0.0180706940307 	0.00158238471633	
0.0180956880750 	0.00158146916105	
0.0181206821193 	0.00158452101199	
0.0181456761636 	0.00158024842067	
0.0181706702079 	0.00158848841823	
0.0181956642522 	0.00157261879330	
0.0182206582965 	0.00157383953368	
0.0182456523408 	0.00159092989898	
0.0182706463851 	0.00157444990387	
0.0182956404294 	0.00157872249519	
0.0183206344737 	0.00156651509140	
0.0183456285180 	0.00160618915372	
0.0183706225623 	0.00159703360088	
0.0183956166066 	0.00157628101444	
0.0184206106509 	0.00159092989898	
0.0184456046952 	0.00157200842311	
0.0184705987395 	0.00163762321848	
0.0184955927838 	0.00163060396130	
0.0185205868281 	0.00157231360820	
0.0185455808724 	0.00159581286050	
0.0185705749167 	0.00162297433393	
0.0185955689610 	0.00159916989654	
0.0186205630053 	0.00159550767541	
0.0186455570496 	0.00158482619709	
0.0186705510939 	0.00158055360576	
0.0186955451382 	0.00159001434370	
0.0187205391825 	0.00161168248543	
0.0187455332268 	0.00158268990143	
0.0187705272711 	0.00158330027161	
0.0187955213154 	0.00155766472365	
0.0188205153597 	0.00160557878353	
0.0188455094040 	0.00159245582446	
0.0188705034484 	0.00156712546159	
0.0188954974927 	0.00158940397351	
0.0189204915370 	0.00158726767785	
0.0189454855813 	0.00159794915616	
0.0189704796256 	0.00157658619953	
0.0189954736699 	0.00158787804804	
0.0190204677142 	0.00158207953124	
0.0190454617585 	0.00159581286050	
0.0190704558028 	0.00157078768273	
0.0190954498471 	0.00158055360576	
0.0191204438914 	0.00160283211768	
0.0191454379357 	0.00158604693747	
0.0191704319800 	0.00158482619709	
0.0191954260243 	0.00157933286538	
0.0192204200686 	0.00159550767541	
0.0192454141129 	0.00159672841578	
0.0192704081572 	0.00160618915372	
0.0192954022015 	0.00158055360576	
0.0193203962458 	0.00156346324046	
0.0193453902901 	0.00156773583178	
0.0193703843344 	0.00160832544939	
0.0193953783787 	0.00158757286294	
0.0194203724230 	0.00159001434370	
0.0194453664673 	0.00161503952147	
0.0194703605116 	0.00161992248299	
0.0194953545559 	0.00156590472121	
0.0195203486002 	0.00162755211035	
0.0195453426445 	0.00156193731498	
0.0195703366888 	0.00156926175726	
0.0195953307331 	0.00158268990143	
0.0196203247774 	0.00159825434126	
0.0196453188217 	0.00158116397595	
0.0196703128660 	0.00159092989898	
0.0196953069103 	0.00159428693503	
0.0197203009546 	0.00158726767785	
0.0197452949989 	0.00158452101199	
0.0197702890432 	0.00158574175237	
0.0197952830875 	0.00159581286050	
0.0198202771318 	0.00156987212745	
0.0198452711761 	0.00164433729057	
0.0198702652204 	0.00157750175481	
0.0198952592648 	0.00160435804315	
0.0199202533091 	0.00157383953368	
0.0199452473534 	0.00158177434614	
0.0199702413977 	0.00163670766320	
0.0199952354420 	0.00160924100467	
0.0200202294863 	0.00159337137974	
0.0200452235306 	0.00156529435102	
0.0200702175749 	0.00160527359844	
0.0200952116192 	0.00156559953612	
0.0201202056635 	0.00158665730766	
0.0201451997078 	0.00156498916593	
0.0201701937521 	0.00157933286538	
0.0201951877964 	0.00157597582934	
0.0202201818407 	0.00160100100711	
0.0202451758850 	0.00156071657460	
0.0202701699293 	0.00157475508896	
0.0202951639736 	0.00158391064180	
0.0203201580179 	0.00157658619953	
0.0203451520622 	0.00157383953368	
0.0203701461065 	0.00157322916349	
0.0203951401508 	0.00159337137974	
0.0204201341951 	0.00159672841578	
0.0204451282394 	0.00159031952879	
0.0204701222837 	0.00158085879086	
0.0204951163280 	0.00158330027161	
0.0205201103723 	0.00159886471145	
0.0205451044166 	0.00156315805536	
0.0205700984609 	0.00161900692770	
0.0205950925052 	0.00156529435102	
0.0206200865495 	0.00157261879330	
0.0206450805938 	0.00157658619953	
0.0206700746381 	0.00158177434614	
0.0206950686824 	0.00158207953124	
0.0207200627267 	0.00156163212989	
0.0207450567710 	0.00159062471389	
0.0207700508153 	0.00157414471877	
0.0207950448596 	0.00162083803827	
0.0208200389039 	0.00158940397351	
0.0208450329482 	0.00160344248787	
0.0208700269925 	0.00159428693503	
0.0208950210368 	0.00159001434370	
0.0209200150812 	0.00156498916593	
0.0209450091255 	0.00164494766076	
0.0209700031698 	0.00158238471633	
0.0209949972141 	0.00156682027650	
0.0210199912584 	0.00159245582446	
0.0210449853027 	0.00157628101444	
0.0210699793470 	0.00156956694235	
0.0210949733913 	0.00159764397107	
0.0211199674356 	0.00156804101688	
0.0211449614799 	0.00159306619465	
0.0211699555242 	0.00159245582446	
0.0211949495685 	0.00157322916349	
0.0212199436128 	0.00159001434370	
0.0212449376571 	0.00158818323313	
0.0212699317014 	0.00159581286050	
0.0212949257457 	0.00157597582934	
0.0213199197900 	0.00158116397595	
0.0213449138343 	0.00160222174749	
0.0213699078786 	0.00159916989654	
0.0213949019229 	0.00158452101199	
0.0214198959672 	0.00163487655263	
0.0214448900115 	0.00158299508652	
0.0214698840558 	0.00157536545915	
0.0214948781001 	0.00158909878842	
0.0215198721444 	0.00159428693503	
0.0215448661887 	0.00158177434614	
0.0215698602330 	0.00158452101199	
0.0215948542773 	0.00158146916105	
0.0216198483216 	0.00160313730277	
0.0216448423659 	0.00158696249275	
0.0216698364102 	0.00158238471633	
0.0216948304545 	0.00157658619953	
0.0217198244988 	0.00157567064425	
0.0217448185431 	0.00158543656728	
0.0217698125874 	0.00158574175237	
0.0217948066317 	0.00160649433882	
0.0218198006760 	0.00157597582934	
0.0218447947203 	0.00157567064425	
0.0218697887646 	0.00160771507920	
0.0218947828089 	0.00159916989654	
0.0219197768532 	0.00161748100223	
0.0219447708976 	0.00159703360088	
0.0219697649419 	0.00157444990387	
0.0219947589862 	0.00160588396863	
0.0220197530305 	0.00160374767296	
0.0220447470748 	0.00158452101199	
0.0220697411191 	0.00161229285562	
0.0220947351634 	0.00159947508164	
0.0221197292077 	0.00159855952635	
0.0221447232520 	0.00161717581713	
0.0221697172963 	0.00159062471389	
0.0221947113406 	0.00158085879086	
0.0222197053849 	0.00159825434126	
0.0222446994292 	0.00158848841823	
0.0222696934735 	0.00159245582446	
0.0222946875178 	0.00159428693503	
0.0223196815621 	0.00158207953124	
0.0223446756064 	0.00158848841823	
0.0223696696507 	0.00159276100955	
0.0223946636950 	0.00161015655995	
0.0224196577393 	0.00161900692770	
0.0224446517836 	0.00156651509140	
0.0224696458279 	0.00161168248543	
0.0224946398722 	0.00159276100955	
0.0225196339165 	0.00159276100955	
0.0225446279608 	0.00159825434126	
0.0225696220051 	0.00157078768273	
0.0225946160494 	0.00157902768029	
0.0226196100937 	0.00158268990143	
0.0226446041380 	0.00158757286294	
0.0226695981823 	0.00158024842067	
0.0226945922266 	0.00158635212256	
0.0227195862709 	0.00158513138218	
0.0227445803152 	0.00158665730766	
0.0227695743595 	0.00159001434370	
0.0227945684038 	0.00158177434614	
0.0228195624481 	0.00156895657216	
0.0228445564924 	0.00157261879330	
0.0228695505367 	0.00160069582202	
0.0228945445810 	0.00157078768273	
0.0229195386253 	0.00156590472121	
0.0229445326696 	0.00161564989166	
0.0229695267140 	0.00155461287271	
0.0229945207583 	0.00157994323557	
0.0230195148026 	0.00158055360576	
0.0230445088469 	0.00159031952879	
0.0230695028912 	0.00157841731010	
0.0230944969355 	0.00157872249519	
0.0231194909798 	0.00160100100711	
0.0231444850241 	0.00157322916349	
0.0231694790684 	0.00159489730522	
0.0231944731127 	0.00158391064180	
0.0232194671570 	0.00158360545671	
0.0232444612013 	0.00157902768029	
0.0232694552456 	0.00158085879086	
0.0232944492899 	0.00158268990143	
0.0233194433342 	0.00158574175237	
0.0233444373785 	0.00158391064180	
0.0233694314228 	0.00157963805048	
0.0233944254671 	0.00161595507675	
0.0234194195114 	0.00161503952147	
0.0234444135557 	0.00157933286538	
0.0234694076000 	0.00156224250008	
0.0234944016443 	0.00158848841823	
0.0235193956886 	0.00158848841823	
0.0235443897329 	0.00156559953612	
0.0235693837772 	0.00161931211280	
0.0235943778215 	0.00158696249275	
0.0236193718658 	0.00157414471877	
0.0236443659101 	0.00158360545671	
0.0236693599544 	0.00157933286538	
0.0236943539987 	0.00157963805048	
0.0237193480430 	0.00158879360332	
0.0237443420873 	0.00158604693747	
0.0237693361316 	0.00157933286538	
0.0237943301759 	0.00159092989898	
0.0238193242202 	0.00157170323801	
0.0238443182645 	0.00157292397839	
0.0238693123088 	0.00158757286294	
0.0238943063531 	0.00157689138462	
0.0239193003974 	0.00157658619953	
0.0239442944417 	0.00159031952879	
0.0239692884861 	0.00158177434614	
0.0239942825304 	0.00160740989410	
0.0240192765747 	0.00158574175237	
0.0240442706190 	0.00158879360332	
0.0240692646633 	0.00159184545427	
0.0240942587076 	0.00157841731010	
0.0241192527519 	0.00158879360332	
0.0241442467962 	0.00158940397351	
0.0241692408405 	0.00158513138218	
0.0241942348848 	0.00158848841823	
0.0242192289291 	0.00156773583178	
0.0242442229734 	0.00157078768273	
0.0242692170177 	0.00157261879330	
0.0242942110620 	0.00157444990387	
0.0243192051063 	0.00162022766808	
0.0243441991506 	0.00160283211768	
0.0243691931949 	0.00155735953856	
0.0243941872392 	0.00158604693747	
0.0244191812835 	0.00160069582202	
0.0244441753278 	0.00159154026917	
0.0244691693721 	0.00158085879086	
0.0244941634164 	0.00159520249031	
0.0245191574607 	0.00158940397351	
0.0245441515050 	0.00161870174261	
0.0245691455493 	0.00161107211524	
0.0245941395936 	0.00157383953368	
0.0246191336379 	0.00158665730766	
0.0246441276822 	0.00155766472365	
0.0246691217265 	0.00156834620197	
0.0246941157708 	0.00156132694479	
0.0247191098151 	0.00156743064669	
0.0247441038594 	0.00160557878353	
0.0247690979037 	0.00157841731010	
0.0247940919480 	0.00156407361064	
0.0248190859923 	0.00157689138462	
0.0248440800366 	0.00159794915616	
0.0248690740809 	0.00156254768517	
0.0248940681252 	0.00158879360332	
0.0249190621695 	0.00159672841578	
0.0249440562138 	0.00156895657216	
0.0249690502581 	0.00158574175237	
0.0249940443025 	0.00156559953612	
0.0250190383468 	0.00157353434858	
0.0250440323911 	0.00158116397595	
0.0250690264354 	0.00159123508408	
0.0250940204797 	0.00160740989410	
0.0251190145240 	0.00158085879086	
0.0251440085683 	0.00159825434126	
0.0251690026126 	0.00158635212256	
0.0251939966569 	0.00156102175970	
0.0252189907012 	0.00159825434126	
0.0252439847455 	0.00156987212745	
0.0252689787898 	0.00158513138218	
0.0252939728341 	0.00157444990387	
0.0253189668784 	0.00156041138951	
0.0253439609227 	0.00159154026917	
0.0253689549670 	0.00160191656240	
0.0253939490113 	0.00165044099246	
0.0254189430556 	0.00159733878597	
0.0254439370999 	0.00159611804559	
0.0254689311442 	0.00158116397595	
0.0254939251885 	0.00159520249031	
0.0255189192328 	0.00158635212256	
0.0255439132771 	0.00155858027894	
0.0255689073214 	0.00159794915616	
0.0255939013657 	0.00157322916349	
0.0256188954100 	0.00158818323313	
0.0256438894543 	0.00159733878597	
0.0256688834986 	0.00164433729057	
0.0256938775429 	0.00157139805292	
0.0257188715872 	0.00164708395642	
0.0257438656315 	0.00162144840846	
0.0257688596758 	0.00157719656972	
0.0257938537201 	0.00158360545671	
0.0258188477644 	0.00158299508652	
0.0258438418087 	0.00158330027161	
0.0258688358530 	0.00158787804804	
0.0258938298973 	0.00157444990387	
0.0259188239416 	0.00158482619709	
0.0259438179859 	0.00157444990387	
0.0259688120302 	0.00158238471633	
0.0259938060745 	0.00161839655751	
0.0260188001189 	0.00158574175237	
0.0260437941632 	0.00159916989654	
0.0260687882075 	0.00159215063936	
0.0260937822518 	0.00157200842311	
0.0261187762961 	0.00158452101199	
0.0261437703404 	0.00161137730033	
0.0261687643847 	0.00157902768029	
0.0261937584290 	0.00159276100955	
0.0262187524733 	0.00160252693258	
0.0262437465176 	0.00159215063936	
0.0262687405619 	0.00160039063692	
0.0262937346062 	0.00160802026429	
0.0263187286505 	0.00160191656240	
0.0263437226948 	0.00157200842311	
0.0263687167391 	0.00159031952879	
0.0263937107834 	0.00158024842067	
0.0264187048277 	0.00158330027161	
0.0264436988720 	0.00160283211768	
0.0264686929163 	0.00157506027406	
0.0264936869606 	0.00165746024964	
0.0265186810049 	0.00159855952635	
0.0265436750492 	0.00158513138218	
0.0265686690935 	0.00160222174749	
0.0265936631378 	0.00157536545915	
0.0266186571821 	0.00161748100223	
0.0266436512264 	0.00157994323557	
0.0266686452707 	0.00162968840602	
0.0266936393150 	0.00160710470901	
0.0267186333593 	0.00159978026673	
0.0267436274036 	0.00160191656240	
0.0267686214479 	0.00159092989898	
0.0267936154922 	0.00158482619709	
0.0268186095365 	0.00162541581469	
0.0268436035808 	0.00158604693747	
0.0268685976251 	0.00155827509384	
0.0268935916694 	0.00163121433149	
0.0269185857137 	0.00160740989410	
0.0269435797580 	0.00158207953124	
0.0269685738023 	0.00159520249031	
0.0269935678466 	0.00156773583178	
0.0270185618909 	0.00157902768029	
0.0270435559353 	0.00158909878842	
0.0270685499796 	0.00161595507675	
0.0270935440239 	0.00157444990387	
0.0271185380682 	0.00162816248054	
0.0271435321125 	0.00158696249275	
0.0271685261568 	0.00159978026673	
0.0271935202011 	0.00160435804315	
0.0272185142454 	0.00157902768029	
0.0272435082897 	0.00157506027406	
0.0272685023340 	0.00156285287027	
0.0272934963783 	0.00161656544694	
0.0273184904226 	0.00157872249519	
0.0273434844669 	0.00157231360820	
0.0273684785112 	0.00159123508408	
0.0273934725555 	0.00158085879086	
0.0274184665998 	0.00158726767785	
0.0274434606441 	0.00161320841090	
0.0274684546884 	0.00157780693991	
0.0274934487327 	0.00159794915616	
0.0275184427770 	0.00157475508896	
0.0275434368213 	0.00156804101688	
0.0275684308656 	0.00158787804804	
0.0275934249099 	0.00157658619953	
0.0276184189542 	0.00159916989654	
0.0276434129985 	0.00161473433638	
0.0276684070428 	0.00156559953612	
0.0276934010871 	0.00157689138462	
0.0277183951314 	0.00159215063936	
0.0277433891757 	0.00158787804804	
0.0277683832200 	0.00159367656484	
0.0277933772643 	0.00160649433882	
0.0278183713086 	0.00160008545183	
0.0278433653529 	0.00158391064180	
0.0278683593972 	0.00157658619953	
0.0278933534415 	0.00161351359600	
0.0279183474858 	0.00159154026917	
0.0279433415301 	0.00157292397839	
0.0279683355744 	0.00158757286294	
0.0279933296187 	0.00160191656240	
0.0280183236630 	0.00158696249275	
0.0280433177073 	0.00156773583178	
0.0280683117517 	0.00159947508164	
0.0280933057960 	0.00159031952879	
0.0281182998403 	0.00157475508896	
0.0281432938846 	0.00159825434126	
0.0281682879289 	0.00159703360088	
0.0281932819732 	0.00159123508408	
0.0282182760175 	0.00160710470901	
0.0282432700618 	0.00159947508164	
0.0282682641061 	0.00157750175481	
0.0282932581504 	0.00158940397351	
0.0283182521947 	0.00157048249763	
0.0283432462390 	0.00161107211524	
0.0283682402833 	0.00158665730766	
0.0283932343276 	0.00159703360088	
0.0284182283719 	0.00157170323801	
0.0284432224162 	0.00161351359600	
0.0284682164605 	0.00160008545183	
0.0284932105048 	0.00159092989898	
0.0285182045491 	0.00157902768029	
0.0285431985934 	0.00161412396619	
0.0285681926377 	0.00159276100955	
0.0285931866820 	0.00157628101444	
0.0286181807263 	0.00156895657216	
0.0286431747706 	0.00158268990143	
0.0286681688149 	0.00159520249031	
0.0286931628592 	0.00158116397595	
0.0287181569035 	0.00156804101688	
0.0287431509478 	0.00159764397107	
0.0287681449921 	0.00157322916349	
0.0287931390364 	0.00159611804559	
0.0288181330807 	0.00159245582446	
0.0288431271250 	0.00157719656972	
0.0288681211693 	0.00157109286782	
0.0288931152136 	0.00160405285806	
0.0289181092579 	0.00159215063936	
0.0289431033022 	0.00158452101199	
0.0289680973465 	0.00158482619709	
0.0289930913908 	0.00157933286538	
0.0290180854351 	0.00156895657216	
0.0290430794794 	0.00159550767541	
0.0290680735238 	0.00159184545427	
0.0290930675681 	0.00158268990143	
0.0291180616124 	0.00161229285562	
0.0291430556567 	0.00157841731010	
0.0291680497010 	0.00160374767296	
0.0291930437453 	0.00160161137730	
0.0292180377896 	0.00159642323069	
0.0292430318339 	0.00156559953612	
0.0292680258782 	0.00157139805292	
0.0292930199225 	0.00158238471633	
0.0293180139668 	0.00157444990387	
0.0293430080111 	0.00161717581713	
0.0293680020554 	0.00157658619953	
0.0293929960997 	0.00157261879330	
0.0294179901440 	0.00160100100711	
0.0294429841883 	0.00158116397595	
0.0294679782326 	0.00156804101688	
0.0294929722769 	0.00158330027161	
0.0295179663212 	0.00157933286538	
0.0295429603655 	0.00157750175481	
0.0295679544098 	0.00156773583178	
0.0295929484541 	0.00158177434614	
0.0296179424984 	0.00155491805780	
0.0296429365427 	0.00155400250252	
0.0296679305870 	0.00156956694235	
0.0296929246313 	0.00155796990875	
0.0297179186756 	0.00156956694235	
0.0297429127199 	 	
0.0297679067642 	0.00152287362285	
0.0297929008085 	 	
0.0298178948528 	 	
0.0298428888971 	0.00147099215674	
0.0298678829414 	 	
0.0298928769857 	 	
0.0299178710300 	 	
0.0299428650743 	 	
0.0299678591186 	 	
0.0299928531629 	 	
0.0300178472072 	0.00133060701315	
0.0300428412515 	0.00129154332102	
0.0300678352958 	0.00112521744438	
0.0300928293402 	0.000952482680746	
0.0301178233845 	0.000952177495651	
0.0301428174288 	0.000965605639821	
0.0301678114731 	0.000955839716788	
0.0301928055174 	0.000957670827357	
0.0302177995617 	0.000999481185339	
0.0302427936060 	5.70696127201E-005	
0.0302677876503 	1.12918485061E-005	
0.0302927816946 	2.65511032441E-005	
0.0303177757389 	1.31229590747E-005	
0.0303427697832 	3.69273964660E-005	
0.0303677638275 	7.32444227424E-006	
0.0303927578718 	1.06814783166E-005	
0.0304177519161 	2.74666585284E-005	
0.0304427459604 	1.55644398328E-005	
0.0304677400047 	1.61748100223E-005	
0.0304927340490 	2.59407330546E-005	
0.0305177280933 	3.96740623188E-005	
0.0305427221376 	0.000942716757714	
0.0305677161819 	0.000951567125462	
0.0305927102262 	0.000940885647145	
0.0306177042705 	0.000917386394848	
0.0306426983148 	0.000921353801080	
0.0306676923591 	0.000919217505417	
0.0306926864034 	0.000936918240913	
0.0307176804477 	0.000905789361248	
0.0307426744920 	0.000921658986175	
0.0307676685363 	0.000911282692953	
0.0307926625806 	0.000885647144993	
0.0308176566249 	0.000905178991058	
0.0308426506692 	4.94399853511E-005	
0.0308676447135 	2.50251777703E-005	
0.0308926387578 	3.23496200446E-005	
0.0309176328021 	4.79140598773E-005	
0.0309426268464 	2.77718436232E-005	
0.0309676208907 	6.01214636677E-005	
0.0309926149350 	4.45570238350E-005	
0.0310176089793 	4.21155430769E-005	
0.0310426030236 	5.31022064882E-005	
0.0310675970679 	4.48622089297E-005	
0.0310925911122 	3.96740623188E-005	
0.0311175851566 	4.60829493088E-005	
0.0311425792009 	3.78429517502E-005	
0.0311675732452 	3.81481368450E-005	
0.0311925672895 	4.15051728874E-005	
0.0312175613338 	4.63881344035E-005	
0.0312425553781 	4.36414685507E-005	
0.0312675494224 	4.05896176031E-005	
0.0312925434667 	4.05896176031E-005	
0.0313175375110 	4.66933194983E-005	
0.0313425315553 	4.66933194983E-005	
0.0313675255996 	5.18814661092E-005	
0.0313925196439 	4.21155430769E-005	
0.0314175136882 	4.08948026978E-005	
0.0314425077325 	4.54725791192E-005	
0.0314675017768 	4.76088747826E-005	
0.0314924958211 	5.27970213935E-005	
0.0315174898654 	4.91348002564E-005	
0.0315424839097 	3.99792474136E-005	
0.0315674779540 	5.03555406354E-005	
0.0315924719983 	4.97451704459E-005	
0.0316174660426 	4.54725791192E-005	
0.0316424600869 	4.18103579821E-005	
0.0316674541312 	3.47911008026E-005	
0.0316924481755 	3.90636921293E-005	
0.0317174422198 	4.39466536454E-005	
0.0317424362641 	5.18814661092E-005	
0.0317674303084 	3.63170262764E-005	
0.0317924243527 	5.76799829096E-005	
0.0318174183970 	4.45570238350E-005	
0.0318424124413 	3.87585070345E-005	
0.0318674064856 	4.15051728874E-005	
0.0318924005299 	3.69273964660E-005	
0.0319173945742 	3.99792474136E-005	
0.0319423886185 	4.24207281716E-005	
0.0319673826628 	3.75377666555E-005	
0.0319923767071 	4.85244300668E-005	
0.0320173707514 	4.79140598773E-005	
0.0320423647957 	4.63881344035E-005	
0.0320673588400 	3.78429517502E-005	
0.0320923528843 	4.18103579821E-005	
0.0321173469286 	4.02844325083E-005	
0.0321423409730 	4.36414685507E-005	
0.0321673350173 	4.73036896878E-005	
0.0321923290616 	4.18103579821E-005	
0.0322173231059 	3.41807306131E-005	
0.0322423171502 	4.51673940245E-005	
0.0322673111945 	7.04977568896E-005	
0.0322923052388 	5.40177617725E-005	
0.0323172992831 	4.48622089297E-005	
0.0323422933274 	6.25629444258E-005	
0.0323672873717 	4.08948026978E-005	
0.0323922814160 	4.60829493088E-005	
0.0324172754603 	3.87585070345E-005	
0.0324422695046 	5.67644276254E-005	
0.0324672635489 	3.90636921293E-005	
0.0324922575932 	3.84533219398E-005	
0.0325172516375 	4.82192449721E-005	
0.0325422456818 	6.71407208472E-005	
0.0325672397261 	5.76799829096E-005	
0.0325922337704 	3.57066560869E-005	
0.0326172278147 	4.05896176031E-005	
0.0326422218590 	3.23496200446E-005	
0.0326672159033 	3.99792474136E-005	
0.0326922099476 	5.55436872463E-005	
0.0327172039919 	5.24918362987E-005	
0.0327421980362 	6.77510910367E-005	
0.0327671920805 	3.78429517502E-005	
0.0327921861248 	3.69273964660E-005	
0.0328171801691 	4.24207281716E-005	
0.0328421742134 	3.81481368450E-005	
0.0328671682577 	3.72325815607E-005	
0.0328921623020 	4.57777642140E-005	
0.0329171563463 	4.36414685507E-005	
0.0329421503906 	4.66933194983E-005	
0.0329671444349 	4.11999877926E-005	
0.0329921384792 	3.63170262764E-005	
0.0330171325235 	3.81481368450E-005	
0.0330421265678 	4.08948026978E-005	
0.0330671206121 	5.18814661092E-005	
0.0330921146564 	4.85244300668E-005	
0.0331171087007 	4.18103579821E-005	
0.0331421027450 	5.18814661092E-005	
0.0331670967894 	3.66222113712E-005	
0.0331920908337 	4.66933194983E-005	
0.0332170848780 	4.39466536454E-005	
0.0332420789223 	3.99792474136E-005	
0.0332670729666 	4.54725791192E-005	
0.0332920670109 	4.51673940245E-005	
0.0333170610552 	4.48622089297E-005	
0.0333420550995 	3.54014709922E-005	
0.0333670491438 	5.18814661092E-005	
0.0333920431881 	4.02844325083E-005	
0.0334170372324 	4.91348002564E-005	
0.0334420312767 	3.63170262764E-005	
0.0334670253210 	3.75377666555E-005	
0.0334920193653 	3.32651753288E-005	
0.0335170134096 	4.18103579821E-005	
0.0335420074539 	3.44859157079E-005	
0.0335670014982 	6.25629444258E-005	
0.0335919955425 	4.76088747826E-005	
0.0336169895868 	3.99792474136E-005	
0.0336419836311 	4.02844325083E-005	
0.0336669776754 	4.08948026978E-005	
0.0336919717197 	3.87585070345E-005	
0.0337169657640 	4.48622089297E-005	
0.0337419598083 	4.39466536454E-005	
0.0337669538526 	4.33362834559E-005	
0.0337919478969 	4.24207281716E-005	
0.0338169419412 	6.46992400891E-005	
0.0338419359855 	3.02133243812E-005	
0.0338669300298 	3.69273964660E-005	
0.0338919240741 	4.69985045930E-005	
0.0339169181184 	4.73036896878E-005	
0.0339419121627 	4.51673940245E-005	
0.0339669062070 	5.15762810144E-005	
0.0339919002513 	3.72325815607E-005	
0.0340168942956 	4.97451704459E-005	
0.0340418883399 	5.27970213935E-005	
0.0340668823842 	4.42518387402E-005	
0.0340918764285 	3.93688772240E-005	
0.0341168704728 	4.91348002564E-005	
0.0341418645171 	5.12710959197E-005	
0.0341668585615 	3.93688772240E-005	
0.0341918526058 	4.24207281716E-005	
0.0342168466501 	4.60829493088E-005	
0.0342418406944 	3.96740623188E-005	
0.0342668347387 	4.18103579821E-005	
0.0342918287830 	4.66933194983E-005	
0.0343168228273 	3.57066560869E-005	
0.0343418168716 	5.06607257302E-005	
0.0343668109159 	5.49333170568E-005	
0.0343918049602 	5.18814661092E-005	
0.0344167990045 	3.93688772240E-005	
0.0344417930488 	5.49333170568E-005	
0.0344667870931 	5.24918362987E-005	
0.0344917811374 	3.54014709922E-005	
0.0345167751817 	3.75377666555E-005	
0.0345417692260 	8.20947904904E-005	
0.0345667632703 	3.69273964660E-005	
0.0345917573146 	4.63881344035E-005	
0.0346167513589 	4.51673940245E-005	
0.0346417454032 	4.24207281716E-005	
0.0346667394475 	4.36414685507E-005	
0.0346917334918 	5.12710959197E-005	
0.0347167275361 	3.38755455184E-005	
0.0347417215804 	4.79140598773E-005	
0.0347667156247 	3.66222113712E-005	
0.0347917096690 	6.77510910367E-005	
0.0348167037133 	5.09659108249E-005	
0.0348416977576 	3.96740623188E-005	
0.0348666918019 	4.69985045930E-005	
0.0348916858462 	3.75377666555E-005	
0.0349166798905 	3.23496200446E-005	
0.0349416739348 	3.60118411817E-005	
0.0349666679791 	5.12710959197E-005	
0.0349916620234 	3.75377666555E-005	
0.0350166560677 	5.76799829096E-005	
0.0350416501120 	4.36414685507E-005	
0.0350666441563 	4.30310983612E-005	
0.0350916382006 	3.29599902341E-005	
0.0351166322449 	3.84533219398E-005	
0.0351416262892 	5.37125766778E-005	
0.0351666203335 	3.90636921293E-005	
0.0351916143779 	5.40177617725E-005	
0.0352166084222 	3.75377666555E-005	
0.0352416024665 	4.42518387402E-005	
0.0352665965108 	3.90636921293E-005	
0.0352915905551 	3.57066560869E-005	
0.0353165845994 	3.20444349498E-005	
0.0353415786437 	4.76088747826E-005	
0.0353665726880 	5.31022064882E-005	
0.0353915667323 	3.90636921293E-005	
0.0354165607766 	4.21155430769E-005	
0.0354415548209 	3.60118411817E-005	
0.0354665488652 	4.57777642140E-005	
0.0354915429095 	4.08948026978E-005	
0.0355165369538 	5.03555406354E-005	
0.0355415309981 	3.41807306131E-005	
0.0355665250424 	3.41807306131E-005	
0.0355915190867 	4.69985045930E-005	
0.0356165131310 	3.72325815607E-005	
0.0356415071753 	4.79140598773E-005	
0.0356665012196 	4.39466536454E-005	
0.0356914952639 	5.43229468673E-005	
0.0357164893082 	5.76799829096E-005	
0.0357414833525 	4.63881344035E-005	
0.0357664773968 	3.17392498550E-005	
0.0357914714411 	5.92059083834E-005	
0.0358164654854 	3.02133243812E-005	
0.0358414595297 	3.47911008026E-005	
0.0358664535740 	3.90636921293E-005	
0.0358914476183 	3.54014709922E-005	
0.0359164416626 	4.33362834559E-005	
0.0359414357069 	4.63881344035E-005	
0.0359664297512 	3.50962858974E-005	
0.0359914237955 	3.99792474136E-005	
0.0360164178398 	4.57777642140E-005	
0.0360414118841 	7.04977568896E-005	
0.0360664059284 	4.42518387402E-005	
0.0360913999727 	3.87585070345E-005	
0.0361163940170 	3.08236945708E-005	
0.0361413880613 	3.57066560869E-005	
0.0361663821056 	3.75377666555E-005	
0.0361913761499 	3.69273964660E-005	
0.0362163701943 	4.94399853511E-005	
0.0362413642386 	3.50962858974E-005	
0.0362663582829 	3.57066560869E-005	
0.0362913523272 	3.93688772240E-005	
0.0363163463715 	4.69985045930E-005	
0.0363413404158 	3.60118411817E-005	
0.0363663344601 	3.84533219398E-005	
0.0363913285044 	4.69985045930E-005	
0.0364163225487 	5.95110934782E-005	
0.0364413165930 	4.15051728874E-005	
0.0364663106373 	4.97451704459E-005	
0.0364913046816 	2.83822138127E-005	
0.0365162987259 	3.02133243812E-005	
0.0365412927702 	4.45570238350E-005	
0.0365662868145 	3.20444349498E-005	
0.0365912808588 	5.31022064882E-005	
0.0366162749031 	3.96740623188E-005	
0.0366412689474 	4.66933194983E-005	
0.0366662629917 	4.48622089297E-005	
0.0366912570360 	3.44859157079E-005	
0.0367162510803 	3.66222113712E-005	
0.0367412451246 	4.18103579821E-005	
0.0367662391689 	3.14340647603E-005	
0.0367912332132 	3.57066560869E-005	
0.0368162272575 	4.66933194983E-005	
0.0368412213018 	3.29599902341E-005	
0.0368662153461 	2.80770287179E-005	
0.0368912093904 	2.74666585284E-005	
0.0369162034347 	3.05185094760E-005	
0.0369411974790 	3.63170262764E-005	
0.0369661915233 	2.99081392865E-005	
0.0369911855676 	3.20444349498E-005	
0.0370161796119 	4.02844325083E-005	
0.0370411736562 	7.04977568896E-005	
0.0370661677005 	3.08236945708E-005	
0.0370911617448 	2.77718436232E-005	
0.0371161557891 	3.23496200446E-005	
0.0371411498334 	2.56355479598E-005	
0.0371661438777 	3.17392498550E-005	
0.0371911379220 	3.63170262764E-005	
0.0372161319663 	4.11999877926E-005	
0.0372411260107 	3.84533219398E-005	
0.0372661200550 	3.23496200446E-005	
0.0372911140993 	3.11288796655E-005	
0.0373161081436 	3.96740623188E-005	
0.0373411021879 	2.83822138127E-005	
0.0373660962322 	5.85955381939E-005	
0.0373910902765 	3.26548051393E-005	
0.0374160843208 	2.86873989074E-005	
0.0374410783651 	4.27259132664E-005	
0.0374660724094 	3.26548051393E-005	
0.0374910664537 	3.38755455184E-005	
0.0375160604980 	3.87585070345E-005	
0.0375410545423 	2.16681417280E-005	
0.0375660485866 	9.76592303232E-005	
0.0375910426309 	2.44148075808E-005	
0.0376160366752 	2.80770287179E-005	
0.0376410307195 	1.31229590747E-005	
0.0376660247638 	2.53303628651E-005	
0.0376910188081 	1.73955504013E-005	
0.0377160128524 	3.23496200446E-005	
0.0377410068967 	4.88296151616E-006	
0.0377660009410 	9.15555284280E-007	
0.0377909949853 	1.12918485061E-005	
0.0378159890296 	0.000000000000	
0.0378409830739 	2.28888821070E-005	
