Profiles of file: D:\Results\VW\Conti_1019\ICAS1 - Einzelkomponenten\Marvell-Switch\Oberseite\Linien\20191113_151753\025\Default0003.frt
xrange = [0.000000000000 m, 0.0378409830739 m]
xsize = 0.0378409830739 m
yrange = - 
ysize = -
zrange = [3.05185094760E-007 m, 0.00526261177404 m ]
zsize = 0.00526230658895 m
xpoints = 1515
ypoints = 1
- end of header -
Profile 9	 	
x [m]	z [m]	
x0 = 0.151360005140	y0=0.177671998739	
x1 = 0.180859997869	y1=0.153971999884

0.000000000000 		0.000000000000	
2.49940443025E-005 	2.31940672018E-005	
4.99880886049E-005 	8.36207159642E-005	
7.49821329074E-005 	2.74666585284E-005	
9.99761772098E-005 	3.35703604236E-005	
0.000124970221512 	4.08948026978E-005	
0.000149964265815 	2.77718436232E-005	
0.000174958310117 	3.26548051393E-005	
0.000199952354420 	4.24207281716E-005	
0.000224946398722 	3.32651753288E-005	
0.000249940443025 	5.21866512040E-005	
0.000274934487327 	5.73747978149E-005	
0.000299928531629 	3.20444349498E-005	
0.000324922575932 	4.05896176031E-005	
0.000349916620234 	3.96740623188E-005	
0.000374910664537 	5.31022064882E-005	
0.000399904708839 	4.88296151616E-005	
0.000424898753142 	4.05896176031E-005	
0.000449892797444 	3.96740623188E-005	
0.000474886841747 	4.33362834559E-005	
0.000499880886049 	5.85955381939E-005	
0.000524874930351 	5.31022064882E-005	
0.000549868974654 	3.69273964660E-005	
0.000574863018956 	5.58488723411E-005	
0.000599857063259 	3.50962858974E-005	
0.000624851107561 	5.79851680044E-005	
0.000649845151864 	4.82192449721E-005	
0.000674839196166 	4.27259132664E-005	
0.000699833240469 	4.51673940245E-005	
0.000724827284771 	4.15051728874E-005	
0.000749821329074 	5.18814661092E-005	
0.000774815373376 	4.57777642140E-005	
0.000799809417678 	5.27970213935E-005	
0.000824803461981 	3.87585070345E-005	
0.000849797506283 	3.93688772240E-005	
0.000874791550586 	4.88296151616E-005	
0.000899785594888 	6.89718314158E-005	
0.000924779639191 	6.77510910367E-005	
0.000949773683493 	6.34784997101E-005	
0.000974767727796 	6.28681295206E-005	
0.000999761772098 	3.47911008026E-005	
0.00102475581640 	5.76799829096E-005	
0.00104974986070 	4.05896176031E-005	
0.00107474390501 	4.91348002564E-005	
0.00109973794931 	4.88296151616E-005	
0.00112473199361 	4.33362834559E-005	
0.00114972603791 	7.29392376476E-005	
0.00117472008222 	6.28681295206E-005	
0.00119971412652 	5.55436872463E-005	
0.00122470817082 	4.33362834559E-005	
0.00124970221512 	5.89007232887E-005	
0.00127469625942 	6.04266487625E-005	
0.00129969030373 	5.00503555406E-005	
0.00132468434803 	4.48622089297E-005	
0.00134967839233 	5.31022064882E-005	
0.00137467243663 	4.39466536454E-005	
0.00139966648094 	4.39466536454E-005	
0.00142466052524 	4.73036896878E-005	
0.00144965456954 	3.99792474136E-005	
0.00147464861384 	4.97451704459E-005	
0.00149964265815 	4.18103579821E-005	
0.00152463670245 	5.70696127201E-005	
0.00154963074675 	3.44859157079E-005	
0.00157462479105 	5.34073915830E-005	
0.00159961883536 	4.21155430769E-005	
0.00162461287966 	5.34073915830E-005	
0.00164960692396 	6.13422040468E-005	
0.00167460096826 	5.76799829096E-005	
0.00169959501257 	5.31022064882E-005	
0.00172458905687 	5.43229468673E-005	
0.00174958310117 	5.85955381939E-005	
0.00177457714547 	4.76088747826E-005	
0.00179957118978 	5.09659108249E-005	
0.00182456523408 	5.85955381939E-005	
0.00184955927838 	4.94399853511E-005	
0.00187455332268 	4.05896176031E-005	
0.00189954736699 	3.35703604236E-005	
0.00192454141129 	5.95110934782E-005	
0.00194953545559 	4.63881344035E-005	
0.00197452949989 	5.40177617725E-005	
0.00199952354420 	4.54725791192E-005	
0.00202451758850 	4.85244300668E-005	
0.00204951163280 	4.76088747826E-005	
0.00207450567710 	4.91348002564E-005	
0.00209949972141 	5.34073915830E-005	
0.00212449376571 	7.72118289743E-005	
0.00214948781001 	5.24918362987E-005	
0.00217448185431 	4.88296151616E-005	
0.00219947589862 	4.76088747826E-005	
0.00222446994292 	4.97451704459E-005	
0.00224946398722 	6.04266487625E-005	
0.00227445803152 	4.85244300668E-005	
0.00229945207583 	4.82192449721E-005	
0.00232444612013 	6.95822016053E-005	
0.00234944016443 	6.83614612262E-005	
0.00237443420873 	4.91348002564E-005	
0.00239942825304 	4.76088747826E-005	
0.00242442229734 	5.70696127201E-005	
0.00244941634164 	6.83614612262E-005	
0.00247441038594 	5.76799829096E-005	
0.00249940443025 	4.73036896878E-005	
0.00252439847455 	4.79140598773E-005	
0.00254939251885 	4.15051728874E-005	
0.00257438656315 	6.22577593310E-005	
0.00259938060745 	4.69985045930E-005	
0.00262437465176 	5.82903530992E-005	
0.00264936869606 	5.82903530992E-005	
0.00267436274036 	5.49333170568E-005	
0.00269935678466 	4.82192449721E-005	
0.00272435082897 	6.16473891415E-005	
0.00274934487327 	4.69985045930E-005	
0.00277433891757 	5.64592425306E-005	
0.00279933296187 	5.43229468673E-005	
0.00282432700618 	6.01214636677E-005	
0.00284932105048 	4.60829493088E-005	
0.00287431509478 	6.68355357524E-005	
0.00289930913908 	5.82903530992E-005	
0.00292430318339 	5.73747978149E-005	
0.00294929722769 	4.79140598773E-005	
0.00297429127199 	5.43229468673E-005	
0.00299928531629 	5.34073915830E-005	
0.00302427936060 	5.52385021516E-005	
0.00304927340490 	4.76088747826E-005	
0.00307426744920 	4.91348002564E-005	
0.00309926149350 	5.34073915830E-005	
0.00312425553781 	5.52385021516E-005	
0.00314924958211 	4.88296151616E-005	
0.00317424362641 	6.01214636677E-005	
0.00319923767071 	5.43229468673E-005	
0.00322423171502 	4.73036896878E-005	
0.00324922575932 	5.85955381939E-005	
0.00327421980362 	4.54725791192E-005	
0.00329921384792 	4.30310983612E-005	
0.00332420789223 	6.68355357524E-005	
0.00334920193653 	6.04266487625E-005	
0.00337419598083 	5.27970213935E-005	
0.00339919002513 	5.85955381939E-005	
0.00342418406944 	5.24918362987E-005	
0.00344917811374 	5.92059083834E-005	
0.00347417215804 	7.17184972686E-005	
0.00349916620234 	6.89718314158E-005	
0.00352416024665 	7.87377544481E-005	
0.00354915429095 	5.61540574358E-005	
0.00357414833525 	5.46281319620E-005	
0.00359914237955 	5.64592425306E-005	
0.00362413642386 	6.01214636677E-005	
0.00364913046816 	6.01214636677E-005	
0.00367412451246 	6.50044251839E-005	
0.00369911855676 	5.79851680044E-005	
0.00372411260107 	4.79140598773E-005	
0.00374910664537 	5.67644276254E-005	
0.00377410068967 	7.50755333110E-005	
0.00379909473397 	5.67644276254E-005	
0.00382408877827 	5.67644276254E-005	
0.00384908282258 	7.04977568896E-005	
0.00387407686688 	5.18814661092E-005	
0.00389907091118 	5.43229468673E-005	
0.00392406495548 	5.85955381939E-005	
0.00394905899979 	6.56147953734E-005	
0.00397405304409 	7.11081270791E-005	
0.00399904708839 	5.06607257302E-005	
0.00402404113269 	6.74459059420E-005	
0.00404903517700 	5.92059083834E-005	
0.00407402922130 	5.37125766778E-005	
0.00409902326560 	4.88296151616E-005	
0.00412401730990 	5.92059083834E-005	
0.00414901135421 	6.04266487625E-005	
0.00417400539851 	6.43940549944E-005	
0.00419899944281 	6.89718314158E-005	
0.00422399348711 	5.46281319620E-005	
0.00424898753142 	9.03347880490E-005	
0.00427398157572 	7.04977568896E-005	
0.00429897562002 	7.17184972686E-005	
0.00432396966432 	7.38547929319E-005	
0.00434896370863 	5.95110934782E-005	
0.00437395775293 	7.69066438795E-005	
0.00439895179723 	4.79140598773E-005	
0.00442394584153 	6.13422040468E-005	
0.00444893988584 	4.79140598773E-005	
0.00447393393014 	7.20236823634E-005	
0.00449892797444 	5.61540574358E-005	
0.00452392201874 	5.21866512040E-005	
0.00454891606305 	5.49333170568E-005	
0.00457391010735 	6.01214636677E-005	
0.00459890415165 	7.62962736900E-005	
0.00462389819595 	7.20236823634E-005	
0.00464889224026 	7.01925717948E-005	
0.00467388628456 	6.59199804682E-005	
0.00469888032886 	5.03555406354E-005	
0.00472387437316 	6.31733146153E-005	
0.00474886841747 	7.62962736900E-005	
0.00477386246177 	5.73747978149E-005	
0.00479885650607 	7.08029419843E-005	
0.00482385055037 	5.92059083834E-005	
0.00484884459468 	6.68355357524E-005	
0.00487383863898 	6.04266487625E-005	
0.00489883268328 	6.95822016053E-005	
0.00492382672758 	7.20236823634E-005	
0.00494882077189 	6.10370189520E-005	
0.00497381481619 	6.68355357524E-005	
0.00499880886049 	6.31733146153E-005	
0.00502380290479 	6.01214636677E-005	
0.00504879694910 	7.41599780267E-005	
0.00507379099340 	8.78933072909E-005	
0.00509878503770 	6.46992400891E-005	
0.00512377908200 	6.71407208472E-005	
0.00514877312630 	7.56859035005E-005	
0.00517376717061 	6.01214636677E-005	
0.00519876121491 	7.69066438795E-005	
0.00522375525921 	6.28681295206E-005	
0.00524874930351 	6.56147953734E-005	
0.00527374334782 	5.95110934782E-005	
0.00529873739212 	5.40177617725E-005	
0.00532373143642 	8.33155308695E-005	
0.00534872548072 	5.61540574358E-005	
0.00537371952503 	6.01214636677E-005	
0.00539871356933 	6.28681295206E-005	
0.00542370761363 	5.31022064882E-005	
0.00544870165793 	5.70696127201E-005	
0.00547369570224 	7.75170140690E-005	
0.00549868974654 	7.72118289743E-005	
0.00552368379084 	5.06607257302E-005	
0.00554867783514 	6.62251655629E-005	
0.00557367187945 	7.20236823634E-005	
0.00559866592375 	5.55436872463E-005	
0.00562365996805 	4.69985045930E-005	
0.00564865401235 	6.65303506577E-005	
0.00567364805666 	6.74459059420E-005	
0.00569864210096 	6.43940549944E-005	
0.00572363614526 	5.67644276254E-005	
0.00574863018956 	6.98873867000E-005	
0.00577362423387 	7.04977568896E-005	
0.00579861827817 	6.95822016053E-005	
0.00582361232247 	5.82903530992E-005	
0.00584860636677 	6.89718314158E-005	
0.00587360041108 	6.19525742363E-005	
0.00589859445538 	6.25629444258E-005	
0.00592358849968 	6.43940549944E-005	
0.00594858254398 	7.26340525529E-005	
0.00597357658829 	6.62251655629E-005	
0.00599857063259 	8.02636799219E-005	
0.00602356467689 	6.19525742363E-005	
0.00604855872119 	6.53096102786E-005	
0.00607355276550 	6.07318338572E-005	
0.00609854680980 	6.16473891415E-005	
0.00612354085410 	5.67644276254E-005	
0.00614853489840 	6.95822016053E-005	
0.00617352894271 	6.37836848048E-005	
0.00619852298701 	6.65303506577E-005	
0.00622351703131 	6.56147953734E-005	
0.00624851107561 	7.44651631214E-005	
0.00627350511992 	7.41599780267E-005	
0.00629849916422 	6.59199804682E-005	
0.00632349320852 	6.59199804682E-005	
0.00634848725282 	6.07318338572E-005	
0.00637348129712 	6.59199804682E-005	
0.00639847534143 	6.53096102786E-005	
0.00642346938573 	7.56859035005E-005	
0.00644846343003 	5.58488723411E-005	
0.00647345747433 	7.26340525529E-005	
0.00649845151864 	0.000104373302408	
0.00652344556294 	7.93481246376E-005	
0.00654843960724 	6.53096102786E-005	
0.00657343365154 	6.89718314158E-005	
0.00659842769585 	5.76799829096E-005	
0.00662342174015 	6.71407208472E-005	
0.00664841578445 	6.71407208472E-005	
0.00667340982875 	7.26340525529E-005	
0.00669840387306 	7.90429395428E-005	
0.00672339791736 	6.28681295206E-005	
0.00674839196166 	7.41599780267E-005	
0.00677338600596 	5.95110934782E-005	
0.00679838005027 	8.11792352062E-005	
0.00682337409457 	6.34784997101E-005	
0.00684836813887 	6.71407208472E-005	
0.00687336218317 	6.92770165105E-005	
0.00689835622748 	7.96533097324E-005	
0.00692335027178 	7.23288674581E-005	
0.00694834431608 	6.53096102786E-005	
0.00697333836038 	0.000796533097324	
0.00699833240469 	0.000892361217078	
0.00702332644899 	0.000894192327647	
0.00704832049329 	0.000902737510300	
0.00707331453759 	0.000923490096744	
0.00709830858190 	0.000896938993500	
0.00712330262620 	0.000924100466933	
0.00714829667050 	0.000932035279397	
0.00717329071480 	0.000941496017335	
0.00719828475911 	0.000947599719230	
0.00722327880341 	0.000948210089419	
0.00724827284771 	2.77718436232E-005	
0.00727326689201 	5.76799829096E-005	
0.00729826093632 	4.42518387402E-005	
0.00732325498062 	3.75377666555E-005	
0.00734824902492 	4.69985045930E-005	
0.00737324306922 	3.41807306131E-005	
0.00739823711353 	4.60829493088E-005	
0.00742323115783 	4.88296151616E-005	
0.00744822520213 	5.79851680044E-005	
0.00747321924643 	6.37836848048E-005	
0.00749821329074 	8.51466414380E-005	
0.00752320733504 	0.000966216010010	
0.00754820137934 	0.000961638233589	
0.00757319542364 	0.000978118228706	
0.00759818946795 	0.000998260444960	
0.00762318351225 	0.000983916745506	
0.00764817755655 	0.000990325632496	
0.00767317160085 	0.000983916745506	
0.00769816564515 	0.000971404156621	
0.00772315968946 	0.000988189336833	
0.00774815373376 	0.000997039704581	
0.00777314777806 	0.000995513779107	
0.00779814182236 	0.000982390820032	
0.00782313586667 	0.000979338969085	
0.00784812991097 	0.000941190832240	
0.00787312395527 	0.00121860408338	
0.00789811799957 	0.00109714041566	
0.00792311204388 	 	
0.00794810608818 	 	
0.00797310013248 	 	
0.00799809417678 	 	
0.00802308822109 	 	
0.00804808226539 	0.00146946623127	
0.00807307630969 	 	
0.00809807035399 	 	
0.00812306439830 	0.00153538621174	
0.00814805844260 	 	
0.00817305248690 	0.00153447065645	
0.00819804653120 	0.00158146916105	
0.00822304057551 	0.00157139805292	
0.00824803461981 	0.00163274025697	
0.00827302866411 	0.00159092989898	
0.00829802270841 	0.00159062471389	
0.00832301675272 	0.00163365581225	
0.00834801079702 	0.00160191656240	
0.00837300484132 	0.00159764397107	
0.00839799888562 	0.00163029877621	
0.00842299292993 	0.00161839655751	
0.00844798697423 	0.00159092989898	
0.00847298101853 	0.00163548692282	
0.00849797506283 	0.00160985137486	
0.00852296910714 	0.00163609729301	
0.00854796315144 	0.00162205877865	
0.00857295719574 	0.00163823358867	
0.00859795124004 	0.00161778618732	
0.00862294528435 	0.00163121433149	
0.00864793932865 	0.00158268990143	
0.00867293337295 	0.00161137730033	
0.00869792741725 	0.00161687063204	
0.00872292146156 	0.00158818323313	
0.00874791550586 	0.00161687063204	
0.00877290955016 	0.00163548692282	
0.00879790359446 	0.00160222174749	
0.00882289763877 	0.00162266914884	
0.00884789168307 	0.00163060396130	
0.00887288572737 	0.00163335062716	
0.00889787977167 	0.00164860988189	
0.00892287381597 	0.00163792840358	
0.00894786786028 	0.00159672841578	
0.00897286190458 	0.00161381878109	
0.00899785594888 	0.00161412396619	
0.00902284999318 	0.00160832544939	
0.00904784403749 	0.00161839655751	
0.00907283808179 	0.00163365581225	
0.00909783212609 	0.00159031952879	
0.00912282617039 	0.00161107211524	
0.00914782021470 	0.00164098025452	
0.00917281425900 	0.00160863063448	
0.00919780830330 	0.00160832544939	
0.00922280234760 	0.00162999359111	
0.00924779639191 	0.00162633136998	
0.00927279043621 	0.00161778618732	
0.00929778448051 	0.00159886471145	
0.00932277852481 	0.00164098025452	
0.00934777256912 	0.00160557878353	
0.00937276661342 	0.00161900692770	
0.00939776065772 	0.00160222174749	
0.00942275470202 	0.00161320841090	
0.00944774874633 	0.00159154026917	
0.00947274279063 	0.00159794915616	
0.00949773683493 	0.00160893581957	
0.00952273087923 	0.00159581286050	
0.00954772492354 	0.00160985137486	
0.00957271896784 	0.00159764397107	
0.00959771301214 	0.00160679952391	
0.00962270705644 	0.00162205877865	
0.00964770110075 	0.00161687063204	
0.00967269514505 	0.00162511062960	
0.00969768918935 	0.00159184545427	
0.00972268323365 	0.00160527359844	
0.00974767727796 	0.00160618915372	
0.00977267132226 	0.00163274025697	
0.00979766536656 	0.00163335062716	
0.00982265941086 	0.00161168248543	
0.00984765345517 	0.00161534470656	
0.00987264749947 	0.00163426618244	
0.00989764154377 	0.00162816248054	
0.00992263558807 	0.00161046174505	
0.00994762963238 	0.00162480544450	
0.00997262367668 	0.00165623950926	
0.00999761772098 	0.00160496841334	
0.0100226117653 	0.00161534470656	
0.0100476058096 	0.00163212988678	
0.0100725998539 	0.00161473433638	
0.0100975938982 	0.00161015655995	
0.0101225879425 	0.00162999359111	
0.0101475819868 	0.00167455061495	
0.0101725760311 	0.00161534470656	
0.0101975700754 	0.00162694174017	
0.0102225641197 	0.00158879360332	
0.0102475581640 	0.00162541581469	
0.0102725522083 	0.00162266914884	
0.0102975462526 	0.00159459212012	
0.0103225402969 	0.00161046174505	
0.0103475343412 	0.00161015655995	
0.0103725283855 	0.00164311655019	
0.0103975224298 	0.00160832544939	
0.0104225164741 	0.00161961729789	
0.0104475105184 	0.00162541581469	
0.0104725045627 	0.00160100100711	
0.0104974986070 	0.00161626026185	
0.0105224926513 	0.00165196691794	
0.0105474866956 	0.00161076693014	
0.0105724807399 	0.00163701284829	
0.0105974747842 	0.00161381878109	
0.0106224688285 	0.00161778618732	
0.0106474628728 	0.00160985137486	
0.0106724569171 	0.00161595507675	
0.0106974509614 	0.00162694174017	
0.0107224450058 	0.00161656544694	
0.0107474390501 	0.00159459212012	
0.0107724330944 	0.00164098025452	
0.0107974271387 	0.00162205877865	
0.0108224211830 	0.00161778618732	
0.0108474152273 	0.00162999359111	
0.0108724092716 	0.00162450025941	
0.0108974033159 	0.00162144840846	
0.0109223973602 	0.00159489730522	
0.0109473914045 	0.00160710470901	
0.0109723854488 	0.00160069582202	
0.0109973794931 	0.00161961729789	
0.0110223735374 	0.00161503952147	
0.0110473675817 	0.00160985137486	
0.0110723616260 	0.00162205877865	
0.0110973556703 	0.00160649433882	
0.0111223497146 	0.00163121433149	
0.0111473437589 	0.00163579210791	
0.0111723378032 	0.00166814172796	
0.0111973318475 	0.00164555803095	
0.0112223258918 	0.00162205877865	
0.0112473199361 	0.00163274025697	
0.0112723139804 	0.00160710470901	
0.0112973080247 	0.00167119357891	
0.0113223020690 	0.00163457136753	
0.0113472961133 	0.00163426618244	
0.0113722901576 	0.00160557878353	
0.0113972842019 	0.00162511062960	
0.0114222782462 	0.00164494766076	
0.0114472722905 	0.00160130619221	
0.0114722663348 	0.00162419507431	
0.0114972603791 	0.00165166173284	
0.0115222544234 	0.00162907803583	
0.0115472484677 	0.00162572099979	
0.0115722425120 	0.00161137730033	
0.0115972365563 	0.00164403210547	
0.0116222306006 	0.00161626026185	
0.0116472246449 	0.00162633136998	
0.0116722186892 	0.00161290322581	
0.0116972127335 	0.00161442915128	
0.0117222067778 	0.00161320841090	
0.0117472008222 	0.00161748100223	
0.0117721948665 	0.00163365581225	
0.0117971889108 	0.00163121433149	
0.0118221829551 	0.00162816248054	
0.0118471769994 	0.00165105136265	
0.0118721710437 	0.00162114322336	
0.0118971650880 	0.00164311655019	
0.0119221591323 	0.00160832544939	
0.0119471531766 	0.00159855952635	
0.0119721472209 	0.00161748100223	
0.0119971412652 	0.00160679952391	
0.0120221353095 	0.00164677877132	
0.0120471293538 	0.00160740989410	
0.0120721233981 	0.00161229285562	
0.0120971174424 	0.00161412396619	
0.0121221114867 	0.00165013580737	
0.0121471055310 	0.00164922025208	
0.0121720995753 	0.00163182470168	
0.0121970936196 	0.00161503952147	
0.0122220876639 	0.00162205877865	
0.0122470817082 	0.00163914914396	
0.0122720757525 	0.00160863063448	
0.0122970697968 	0.00163975951415	
0.0123220638411 	0.00160069582202	
0.0123470578854 	0.00164464247566	
0.0123720519297 	0.00162175359355	
0.0123970459740 	0.00164433729057	
0.0124220400183 	0.00160313730277	
0.0124470340626 	0.00161992248299	
0.0124720281069 	0.00164922025208	
0.0124970221512 	0.00162541581469	
0.0125220161955 	0.00162816248054	
0.0125470102398 	0.00162175359355	
0.0125720042841 	0.00163640247810	
0.0125969983284 	0.00164799951170	
0.0126219923727 	0.00163060396130	
0.0126469864170 	0.00163548692282	
0.0126719804613 	0.00162907803583	
0.0126969745056 	0.00161687063204	
0.0127219685499 	0.00164311655019	
0.0127469625942 	0.00163151951659	
0.0127719566386 	0.00163457136753	
0.0127969506829 	0.00166722617267	
0.0128219447272 	0.00161748100223	
0.0128469387715 	0.00161412396619	
0.0128719328158 	0.00164006469924	
0.0128969268601 	0.00162083803827	
0.0129219209044 	0.00160008545183	
0.0129469149487 	0.00159794915616	
0.0129719089930 	0.00162846766564	
0.0129969030373 	0.00160649433882	
0.0130218970816 	0.00163823358867	
0.0130468911259 	0.00163884395886	
0.0130718851702 	0.00160924100467	
0.0130968792145 	0.00161992248299	
0.0131218732588 	0.00160832544939	
0.0131468673031 	0.00163609729301	
0.0131718613474 	0.00162358470412	
0.0131968553917 	0.00165623950926	
0.0132218494360 	0.00165074617756	
0.0132468434803 	0.00161595507675	
0.0132718375246 	0.00164098025452	
0.0132968315689 	0.00163701284829	
0.0133218256132 	0.00161381878109	
0.0133468196575 	0.00162327951903	
0.0133718137018 	0.00163975951415	
0.0133968077461 	0.00162236396374	
0.0134218017904 	0.00161381878109	
0.0134467958347 	0.00164342173528	
0.0134717898790 	0.00166142765587	
0.0134967839233 	0.00162144840846	
0.0135217779676 	0.00160924100467	
0.0135467720119 	0.00164677877132	
0.0135717660562 	0.00165471358379	
0.0135967601005 	0.00163304544206	
0.0136217541448 	0.00162816248054	
0.0136467481891 	0.00160863063448	
0.0136717422334 	0.00162968840602	
0.0136967362777 	0.00161076693014	
0.0137217303220 	0.00163090914640	
0.0137467243663 	0.00161534470656	
0.0137717184107 	0.00160588396863	
0.0137967124550 	0.00165227210303	
0.0138217064993 	0.00163792840358	
0.0138467005436 	0.00162572099979	
0.0138716945879 	0.00162480544450	
0.0138966886322 	0.00164128543962	
0.0139216826765 	0.00162450025941	
0.0139466767208 	0.00162602618488	
0.0139716707651 	0.00166264839625	
0.0139966648094 	0.00166295358135	
0.0140216588537 	0.00168156987213	
0.0140466528980 	0.00164586321604	
0.0140716469423 	0.00163914914396	
0.0140966409866 	0.00162724692526	
0.0141216350309 	0.00162297433393	
0.0141466290752 	0.00162053285318	
0.0141716231195 	0.00163853877377	
0.0141966171638 	0.00162511062960	
0.0142216112081 	0.00161595507675	
0.0142466052524 	0.00163457136753	
0.0142715992967 	0.00162633136998	
0.0142965933410 	0.00162053285318	
0.0143215873853 	0.00160466322825	
0.0143465814296 	0.00163151951659	
0.0143715754739 	0.00161198767052	
0.0143965695182 	0.00164464247566	
0.0144215635625 	0.00167088839381	
0.0144465576068 	0.00161656544694	
0.0144715516511 	0.00163396099734	
0.0144965456954 	0.00161656544694	
0.0145215397397 	0.00161687063204	
0.0145465337840 	0.00161015655995	
0.0145715278283 	0.00167455061495	
0.0145965218726 	0.00162358470412	
0.0146215159169 	0.00168095950194	
0.0146465099612 	0.00160191656240	
0.0146715040055 	0.00163335062716	
0.0146964980498 	0.00163975951415	
0.0147214920941 	0.00162083803827	
0.0147464861384 	0.00161748100223	
0.0147714801827 	0.00162053285318	
0.0147964742271 	0.00162297433393	
0.0148214682714 	0.00163182470168	
0.0148464623157 	0.00162358470412	
0.0148714563600 	0.00162785729545	
0.0148964504043 	0.00162663655507	
0.0149214444486 	0.00163090914640	
0.0149464384929 	0.00162175359355	
0.0149714325372 	0.00161839655751	
0.0149964265815 	0.00161290322581	
0.0150214206258 	0.00161900692770	
0.0150464146701 	0.00161931211280	
0.0150714087144 	0.00163335062716	
0.0150964027587 	0.00161748100223	
0.0151213968030 	0.00163945432905	
0.0151463908473 	0.00166020691549	
0.0151713848916 	0.00161564989166	
0.0151963789359 	0.00163212988678	
0.0152213729802 	0.00161320841090	
0.0152463670245 	0.00162450025941	
0.0152713610688 	0.00166051210059	
0.0152963551131 	0.00164799951170	
0.0153213491574 	0.00165379802850	
0.0153463432017 	0.00160405285806	
0.0153713372460 	0.00166692098758	
0.0153963312903 	0.00166875209815	
0.0154213253346 	0.00163396099734	
0.0154463193789 	0.00162358470412	
0.0154713134232 	0.00162205877865	
0.0154963074675 	0.00162694174017	
0.0155213015118 	0.00164220099490	
0.0155462955561 	0.00162572099979	
0.0155712896004 	0.00163975951415	
0.0155962836447 	0.00164098025452	
0.0156212776890 	0.00160954618976	
0.0156462717333 	0.00170659504990	
0.0156712657776 	0.00162236396374	
0.0156962598219 	0.00161412396619	
0.0157212538662 	0.00162266914884	
0.0157462479105 	0.00164555803095	
0.0157712419548 	0.00163914914396	
0.0157962359991 	0.00161412396619	
0.0158212300435 	0.00163396099734	
0.0158462240878 	0.00162388988922	
0.0158712181321 	0.00166508987701	
0.0158962121764 	0.00162724692526	
0.0159212062207 	0.00163304544206	
0.0159462002650 	0.00162511062960	
0.0159711943093 	0.00164067506943	
0.0159961883536 	0.00163365581225	
0.0160211823979 	0.00162144840846	
0.0160461764422 	0.00167912839137	
0.0160711704865 	0.00169866023743	
0.0160961645308 	0.00164860988189	
0.0161211585751 	0.00162663655507	
0.0161461526194 	0.00162999359111	
0.0161711466637 	0.00162480544450	
0.0161961407080 	0.00163396099734	
0.0162211347523 	0.00165044099246	
0.0162461287966 	0.00162114322336	
0.0162711228409 	0.00161870174261	
0.0162961168852 	0.00164036988433	
0.0163211109295 	0.00161870174261	
0.0163461049738 	0.00163274025697	
0.0163710990181 	0.00162572099979	
0.0163960930624 	0.00163304544206	
0.0164210871067 	0.00162694174017	
0.0164460811510 	0.00164433729057	
0.0164710751953 	0.00162327951903	
0.0164960692396 	0.00163762321848	
0.0165210632839 	0.00161687063204	
0.0165460573282 	0.00166844691305	
0.0165710513725 	0.00163701284829	
0.0165960454168 	0.00163762321848	
0.0166210394611 	0.00162663655507	
0.0166460335054 	0.00164922025208	
0.0166710275497 	0.00162053285318	
0.0166960215940 	0.00165837580493	
0.0167210156383 	0.00164769432661	
0.0167460096826 	0.00161351359600	
0.0167710037269 	0.00163365581225	
0.0167959977712 	0.00162938322092	
0.0168209918155 	0.00162785729545	
0.0168459858599 	0.00161778618732	
0.0168709799042 	0.00163609729301	
0.0168959739485 	0.00162572099979	
0.0169209679928 	0.00163060396130	
0.0169459620371 	0.00162297433393	
0.0169709560814 	0.00163823358867	
0.0169959501257 	0.00163274025697	
0.0170209441700 	0.00162724692526	
0.0170459382143 	0.00163212988678	
0.0170709322586 	0.00163579210791	
0.0170959263029 	0.00162633136998	
0.0171209203472 	0.00163426618244	
0.0171459143915 	0.00164738914151	
0.0171709084358 	0.00161931211280	
0.0171959024801 	0.00164281136509	
0.0172208965244 	0.00161229285562	
0.0172458905687 	0.00162999359111	
0.0172708846130 	0.00164555803095	
0.0172958786573 	0.00164342173528	
0.0173208727016 	0.00162388988922	
0.0173458667459 	0.00162572099979	
0.0173708607902 	0.00162816248054	
0.0173958548345 	0.00165440839869	
0.0174208488788 	0.00163090914640	
0.0174458429231 	0.00165715506455	
0.0174708369674 	0.00169133579516	
0.0174958310117 	0.00161259804071	
0.0175208250560 	0.00162541581469	
0.0175458191003 	0.00164952543718	
0.0175708131446 	0.00162511062960	
0.0175958071889 	0.00165288247322	
0.0176208012332 	0.00166264839625	
0.0176457952775 	0.00166905728324	
0.0176707893218 	0.00166325876644	
0.0176957833661 	0.00164799951170	
0.0177207774104 	0.00164311655019	
0.0177457714547 	0.00161870174261	
0.0177707654990 	0.00164830469680	
0.0177957595433 	0.00161687063204	
0.0178207535876 	0.00163090914640	
0.0178457476319 	0.00164036988433	
0.0178707416763 	0.00163701284829	
0.0178957357206 	0.00167912839137	
0.0179207297649 	0.00162846766564	
0.0179457238092 	0.00166356395154	
0.0179707178535 	0.00162694174017	
0.0179957118978 	0.00162999359111	
0.0180207059421 	0.00163426618244	
0.0180456999864 	0.00163212988678	
0.0180706940307 	0.00165837580493	
0.0180956880750 	0.00162388988922	
0.0181206821193 	0.00162694174017	
0.0181456761636 	0.00164311655019	
0.0181706702079 	0.00162388988922	
0.0181956642522 	0.00165868099002	
0.0182206582965 	0.00163151951659	
0.0182456523408 	0.00163518173772	
0.0182706463851 	0.00163029877621	
0.0182956404294 	0.00164220099490	
0.0183206344737 	0.00161442915128	
0.0183456285180 	0.00164281136509	
0.0183706225623 	0.00163090914640	
0.0183956166066 	0.00162877285073	
0.0184206106509 	0.00165135654775	
0.0184456046952 	0.00164159062471	
0.0184705987395 	0.00162694174017	
0.0184955927838 	0.00165562913907	
0.0185205868281 	0.00162907803583	
0.0185455808724 	0.00163029877621	
0.0185705749167 	0.00166081728568	
0.0185955689610 	0.00163884395886	
0.0186205630053 	0.00163731803339	
0.0186455570496 	0.00164036988433	
0.0186705510939 	0.00163670766320	
0.0186955451382 	0.00163640247810	
0.0187205391825 	0.00164220099490	
0.0187455332268 	0.00164128543962	
0.0187705272711 	0.00165013580737	
0.0187955213154 	0.00162266914884	
0.0188205153597 	0.00165807061983	
0.0188455094040 	0.00163548692282	
0.0188705034484 	0.00162297433393	
0.0188954974927 	0.00163914914396	
0.0189204915370 	0.00165898617512	
0.0189454855813 	0.00162724692526	
0.0189704796256 	0.00162144840846	
0.0189954736699 	0.00164922025208	
0.0190204677142 	0.00168279061251	
0.0190454617585 	0.00164738914151	
0.0190704558028 	0.00166203802606	
0.0190954498471 	0.00163609729301	
0.0191204438914 	0.00165105136265	
0.0191454379357 	0.00164494766076	
0.0191704319800 	0.00162633136998	
0.0191954260243 	0.00163487655263	
0.0192204200686 	0.00162572099979	
0.0192454141129 	0.00166142765587	
0.0192704081572 	0.00161839655751	
0.0192954022015 	0.00163212988678	
0.0193203962458 	0.00163579210791	
0.0193453902901 	0.00163487655263	
0.0193703843344 	0.00164952543718	
0.0193953783787 	0.00164220099490	
0.0194203724230 	0.00163975951415	
0.0194453664673 	0.00164067506943	
0.0194703605116 	0.00166173284097	
0.0194953545559 	0.00164830469680	
0.0195203486002 	0.00164830469680	
0.0195453426445 	0.00163396099734	
0.0195703366888 	0.00165410321360	
0.0195953307331 	0.00164342173528	
0.0196203247774 	0.00164281136509	
0.0196453188217 	0.00164128543962	
0.0196703128660 	0.00164738914151	
0.0196953069103 	0.00164952543718	
0.0197203009546 	0.00164616840114	
0.0197452949989 	0.00167790765099	
0.0197702890432 	0.00164159062471	
0.0197952830875 	0.00165562913907	
0.0198202771318 	0.00164769432661	
0.0198452711761 	0.00163426618244	
0.0198702652204 	0.00167577135533	
0.0198952592648 	0.00164922025208	
0.0199202533091 	0.00164067506943	
0.0199452473534 	0.00166264839625	
0.0199702413977 	0.00166539506211	
0.0199952354420 	0.00164922025208	
0.0200202294863 	0.00165623950926	
0.0200452235306 	0.00164525284585	
0.0200702175749 	0.00166722617267	
0.0200952116192 	0.00166142765587	
0.0201202056635 	0.00163579210791	
0.0201451997078 	0.00165379802850	
0.0201701937521 	0.00169316690573	
0.0201951877964 	0.00164799951170	
0.0202201818407 	0.00162511062960	
0.0202451758850 	0.00166173284097	
0.0202701699293 	0.00167943357646	
0.0202951639736 	0.00164983062227	
0.0203201580179 	0.00164464247566	
0.0203451520622 	0.00165471358379	
0.0203701461065 	0.00164952543718	
0.0203951401508 	0.00165257728813	
0.0204201341951 	0.00164555803095	
0.0204451282394 	0.00165013580737	
0.0204701222837 	0.00164738914151	
0.0204951163280 	0.00167180394910	
0.0205201103723 	0.00164952543718	
0.0205451044166 	0.00165410321360	
0.0205700984609 	0.00164799951170	
0.0205950925052 	0.00165501876888	
0.0206200865495 	0.00165105136265	
0.0206450805938 	0.00165715506455	
0.0206700746381 	0.00165746024964	
0.0206950686824 	0.00164952543718	
0.0207200627267 	0.00166234321116	
0.0207450567710 	0.00165532395398	
0.0207700508153 	0.00166478469192	
0.0207950448596 	0.00166356395154	
0.0208200389039 	0.00165288247322	
0.0208450329482 	0.00164983062227	
0.0208700269925 	0.00164738914151	
0.0208950210368 	0.00164983062227	
0.0209200150812 	0.00165471358379	
0.0209450091255 	0.00166661580248	
0.0209700031698 	0.00165776543474	
0.0209949972141 	0.00165379802850	
0.0210199912584 	0.00168919949950	
0.0210449853027 	0.00165349284341	
0.0210699793470 	0.00164830469680	
0.0210949733913 	0.00164342173528	
0.0211199674356 	0.00165532395398	
0.0211449614799 	0.00167455061495	
0.0211699555242 	0.00164403210547	
0.0211949495685 	0.00165410321360	
0.0212199436128 	0.00164586321604	
0.0212449376571 	0.00164342173528	
0.0212699317014 	0.00167790765099	
0.0212949257457 	0.00168462172308	
0.0213199197900 	0.00166508987701	
0.0213449138343 	0.00168645283364	
0.0213699078786 	0.00164860988189	
0.0213949019229 	0.00163731803339	
0.0214198959672 	0.00165501876888	
0.0214448900115 	0.00165898617512	
0.0214698840558 	0.00163243507187	
0.0214948781001 	0.00165593432417	
0.0215198721444 	0.00168340098270	
0.0215448661887 	0.00164281136509	
0.0215698602330 	0.00167241431928	
0.0215948542773 	0.00167180394910	
0.0216198483216 	0.00166722617267	
0.0216448423659 	0.00165288247322	
0.0216698364102 	0.00165959654530	
0.0216948304545 	0.00165532395398	
0.0217198244988 	0.00166203802606	
0.0217448185431 	0.00170293282876	
0.0217698125874 	0.00166631061739	
0.0217948066317 	0.00165379802850	
0.0218198006760 	0.00166997283853	
0.0218447947203 	0.00165074617756	
0.0218697887646 	0.00166753135777	
0.0218947828089 	0.00166753135777	
0.0219197768532 	0.00166142765587	
0.0219447708976 	0.00165471358379	
0.0219697649419 	0.00166020691549	
0.0219947589862 	0.00164922025208	
0.0220197530305 	0.00168614764855	
0.0220447470748 	0.00165562913907	
0.0220697411191 	0.00166386913663	
0.0220947351634 	0.00166478469192	
0.0221197292077 	0.00165868099002	
0.0221447232520 	0.00165959654530	
0.0221697172963 	0.00165715506455	
0.0221947113406 	0.00165898617512	
0.0222197053849 	0.00166234321116	
0.0222446994292 	0.00166051210059	
0.0222696934735 	0.00168614764855	
0.0222946875178 	0.00164830469680	
0.0223196815621 	0.00166447950682	
0.0223446756064 	0.00166997283853	
0.0223696696507 	0.00165868099002	
0.0223946636950 	0.00166295358135	
0.0224196577393 	0.00166142765587	
0.0224446517836 	0.00166508987701	
0.0224696458279 	0.00165715506455	
0.0224946398722 	0.00166783654286	
0.0225196339165 	0.00166966765343	
0.0225446279608 	0.00166112247078	
0.0225696220051 	0.00165990173040	
0.0225946160494 	0.00166264839625	
0.0226196100937 	0.00165471358379	
0.0226446041380 	0.00165532395398	
0.0226695981823 	0.00165715506455	
0.0226945922266 	0.00166936246834	
0.0227195862709 	0.00166264839625	
0.0227445803152 	0.00167577135533	
0.0227695743595 	0.00166234321116	
0.0227945684038 	0.00166081728568	
0.0228195624481 	0.00166936246834	
0.0228445564924 	0.00166905728324	
0.0228695505367 	0.00166905728324	
0.0228945445810 	0.00166447950682	
0.0229195386253 	0.00166661580248	
0.0229445326696 	0.00166234321116	
0.0229695267140 	0.00167332987457	
0.0229945207583 	0.00166600543229	
0.0230195148026 	0.00167149876400	
0.0230445088469 	0.00167119357891	
0.0230695028912 	0.00166570024720	
0.0230944969355 	0.00166814172796	
0.0231194909798 	0.00167973876156	
0.0231444850241 	0.00165654469436	
0.0231694790684 	0.00166508987701	
0.0231944731127 	0.00166753135777	
0.0232194671570 	0.00167912839137	
0.0232444612013 	0.00166081728568	
0.0232694552456 	0.00166264839625	
0.0232944492899 	0.00166478469192	
0.0233194433342 	0.00166508987701	
0.0233444373785 	0.00167760246590	
0.0233694314228 	0.00167180394910	
0.0233944254671 	0.00166203802606	
0.0234194195114 	0.00167516098514	
0.0234444135557 	0.00166936246834	
0.0234694076000 	0.00169011505478	
0.0234944016443 	0.00167546617023	
0.0235193956886 	0.00166722617267	
0.0235443897329 	0.00166325876644	
0.0235693837772 	0.00167760246590	
0.0235943778215 	0.00167027802362	
0.0236193718658 	0.00166570024720	
0.0236443659101 	0.00166631061739	
0.0236693599544 	0.00165959654530	
0.0236943539987 	0.00166417432173	
0.0237193480430 	0.00167394024476	
0.0237443420873 	0.00168645283364	
0.0237693361316 	0.00166386913663	
0.0237943301759 	0.00166844691305	
0.0238193242202 	0.00170720542009	
0.0238443182645 	0.00166814172796	
0.0238693123088 	0.00168309579760	
0.0238943063531 	0.00166417432173	
0.0239193003974 	0.00166753135777	
0.0239442944417 	0.00166356395154	
0.0239692884861 	0.00168279061251	
0.0239942825304 	0.00166570024720	
0.0240192765747 	0.00166325876644	
0.0240442706190 	0.00169652394177	
0.0240692646633 	0.00168218024232	
0.0240942587076 	0.00167912839137	
0.0241192527519 	0.00166997283853	
0.0241442467962 	0.00167943357646	
0.0241692408405 	0.00165990173040	
0.0241942348848 	0.00167424542985	
0.0242192289291 	0.00167912839137	
0.0242442229734 	0.00165929136021	
0.0242692170177 	0.00168309579760	
0.0242942110620 	0.00167058320872	
0.0243192051063 	0.00167027802362	
0.0243441991506 	0.00173284096805	
0.0243691931949 	0.00171300393689	
0.0243941872392 	0.00166539506211	
0.0244191812835 	0.00169194616535	
0.0244441753278 	0.00168919949950	
0.0244691693721 	0.00170354319895	
0.0244941634164 	0.00166875209815	
0.0245191574607 	0.00169164098025	
0.0245441515050 	0.00169713431196	
0.0245691455493 	0.00169499801630	
0.0245941395936 	0.00169072542497	
0.0246191336379 	0.00166997283853	
0.0246441276822 	0.00170110171819	
0.0246691217265 	0.00168706320383	
0.0246941157708 	0.00166142765587	
0.0247191098151 	0.00168248542741	
0.0247441038594 	0.00169957579272	
0.0247690979037 	0.00167912839137	
0.0247940919480 	0.00168980986969	
0.0248190859923 	0.00169133579516	
0.0248440800366 	0.00168065431684	
0.0248690740809 	0.00169652394177	
0.0248940681252 	0.00168248542741	
0.0249190621695 	0.00171086764122	
0.0249440562138 	0.00166173284097	
0.0249690502581 	0.00172032837916	
0.0249940443025 	0.00172246467483	
0.0250190383468 	0.00168828394421	
0.0250440323911 	0.00166325876644	
0.0250690264354 	0.00167271950438	
0.0250940204797 	0.00167882320627	
0.0251190145240 	0.00168309579760	
0.0251440085683 	0.00169011505478	
0.0251690026126 	0.00166417432173	
0.0251939966569 	0.00168980986969	
0.0252189907012 	0.00168126468703	
0.0252439847455 	0.00167210913419	
0.0252689787898 	0.00167241431928	
0.0252939728341 	0.00169103061007	
0.0253189668784 	0.00167638172552	
0.0253439609227 	0.00169621875668	
0.0253689549670 	0.00170079653310	
0.0253939490113 	0.00167882320627	
0.0254189430556 	0.00168614764855	
0.0254439370999 	0.00168156987213	
0.0254689311442 	0.00170293282876	
0.0254939251885 	0.00169835505234	
0.0255189192328 	0.00168187505722	
0.0255439132771 	0.00168340098270	
0.0255689073214 	0.00169896542253	
0.0255939013657 	0.00168675801874	
0.0256188954100 	0.00170537430952	
0.0256438894543 	0.00166173284097	
0.0256688834986 	0.00170567949461	
0.0256938775429 	0.00167546617023	
0.0257188715872 	0.00171361430708	
0.0257438656315 	0.00171727652821	
0.0257688596758 	0.00168767357402	
0.0257938537201 	0.00166997283853	
0.0258188477644 	0.00169255653554	
0.0258438418087 	0.00167699209571	
0.0258688358530 	0.00168248542741	
0.0258938298973 	0.00167516098514	
0.0259188239416 	0.00169164098025	
0.0259438179859 	0.00168004394665	
0.0259688120302 	0.00169927060762	
0.0259938060745 	0.00168980986969	
0.0260188001189 	0.00169652394177	
0.0260437941632 	0.00167882320627	
0.0260687882075 	0.00168279061251	
0.0260937822518 	0.00173039948729	
0.0261187762961 	0.00167516098514	
0.0261437703404 	0.00166722617267	
0.0261687643847 	0.00169255653554	
0.0261937584290 	0.00170293282876	
0.0262187524733 	0.00167577135533	
0.0262437465176 	0.00169347209082	
0.0262687405619 	0.00168645283364	
0.0262937346062 	0.00168706320383	
0.0263187286505 	0.00167546617023	
0.0263437226948 	0.00166631061739	
0.0263687167391 	0.00166692098758	
0.0263937107834 	0.00170110171819	
0.0264187048277 	0.00170476393933	
0.0264436988720 	0.00168828394421	
0.0264686929163 	0.00170201727348	
0.0264936869606 	0.00174291207617	
0.0265186810049 	0.00169530320139	
0.0265436750492 	0.00166356395154	
0.0265686690935 	0.00166386913663	
0.0265936631378 	0.00169316690573	
0.0266186571821 	0.00169804986724	
0.0266436512264 	0.00172063356426	
0.0266686452707 	0.00169347209082	
0.0266936393150 	0.00169866023743	
0.0267186333593 	0.00168889431440	
0.0267436274036 	0.00167912839137	
0.0267686214479 	0.00169042023988	
0.0267936154922 	0.00169988097781	
0.0268186095365 	0.00168584246345	
0.0268436035808 	0.00172765282144	
0.0268685976251 	0.00169621875668	
0.0268935916694 	0.00168553727836	
0.0269185857137 	0.00172368541520	
0.0269435797580 	0.00170567949461	
0.0269685738023 	0.00169042023988	
0.0269935678466 	0.00169682912687	
0.0270185618909 	0.00170415356914	
0.0270435559353 	0.00168126468703	
0.0270685499796 	0.00172368541520	
0.0270935440239 	0.00169621875668	
0.0271185380682 	0.00168950468459	
0.0271435321125 	0.00167332987457	
0.0271685261568 	0.00171025727103	
0.0271935202011 	0.00170049134800	
0.0272185142454 	0.00169255653554	
0.0272435082897 	0.00166600543229	
0.0272685023340 	0.00168309579760	
0.0272934963783 	0.00168675801874	
0.0273184904226 	0.00168828394421	
0.0273434844669 	0.00169988097781	
0.0273684785112 	0.00169164098025	
0.0273934725555 	0.00168797875912	
0.0274184665998 	0.00168675801874	
0.0274434606441 	0.00170690023499	
0.0274684546884 	0.00173467207862	
0.0274934487327 	0.00169347209082	
0.0275184427770 	0.00169347209082	
0.0275434368213 	0.00168919949950	
0.0275684308656 	0.00169957579272	
0.0275934249099 	0.00172063356426	
0.0276184189542 	0.00169682912687	
0.0276434129985 	0.00170812097537	
0.0276684070428 	0.00168553727836	
0.0276934010871 	0.00168645283364	
0.0277183951314 	0.00168492690817	
0.0277433891757 	0.00169438764611	
0.0277683832200 	0.00169042023988	
0.0277933772643 	0.00169499801630	
0.0278183713086 	0.00168919949950	
0.0278433653529 	0.00167638172552	
0.0278683593972 	0.00170567949461	
0.0278933534415 	0.00169866023743	
0.0279183474858 	0.00168950468459	
0.0279433415301 	0.00168553727836	
0.0279683355744 	0.00171147801141	
0.0279933296187 	0.00169835505234	
0.0280183236630 	0.00168950468459	
0.0280433177073 	0.00169194616535	
0.0280683117517 	0.00168523209326	
0.0280933057960 	0.00171849726859	
0.0281182998403 	0.00169804986724	
0.0281432938846 	0.00172704245125	
0.0281682879289 	0.00170720542009	
0.0281932819732 	0.00171330912198	
0.0282182760175 	0.00168980986969	
0.0282432700618 	0.00169896542253	
0.0282682641061 	0.00169743949705	
0.0282932581504 	0.00170720542009	
0.0283182521947 	0.00170903653066	
0.0283432462390 	0.00167516098514	
0.0283682402833 	0.00172704245125	
0.0283932343276 	0.00173833429975	
0.0284182283719 	0.00169469283120	
0.0284432224162 	0.00174535355693	
0.0284682164605 	0.00170384838404	
0.0284932105048 	0.00168279061251	
0.0285182045491 	0.00169469283120	
0.0285431985934 	0.00168614764855	
0.0285681926377 	0.00171422467727	
0.0285931866820 	0.00173345133824	
0.0286181807263 	0.00171819208350	
0.0286431747706 	0.00169713431196	
0.0286681688149 	0.00168675801874	
0.0286931628592 	0.00170049134800	
0.0287181569035 	0.00171452986236	
0.0287431509478 	0.00167851802118	
0.0287681449921 	0.00169072542497	
0.0287931390364 	0.00168095950194	
0.0288181330807 	0.00170812097537	
0.0288431271250 	0.00170445875423	
0.0288681211693 	0.00170201727348	
0.0288931152136 	0.00172643208106	
0.0289181092579 	0.00174443800165	
0.0289431033022 	0.00169042023988	
0.0289680973465 	0.00169499801630	
0.0289930913908 	0.00169621875668	
0.0290180854351 	0.00170262764367	
0.0290430794794 	0.00169530320139	
0.0290680735238 	0.00169438764611	
0.0290930675681 	0.00171452986236	
0.0291180616124 	0.00169835505234	
0.0291430556567 	0.00173497726371	
0.0291680497010 	0.00176458021790	
0.0291930437453 	0.00173863948485	
0.0292180377896 	0.00173406170843	
0.0292430318339 	0.00169194616535	
0.0292680258782 	0.00171910763878	
0.0292930199225 	0.00170659504990	
0.0293180139668 	0.00171758171331	
0.0293430080111 	0.00172063356426	
0.0293680020554 	0.00168156987213	
0.0293929960997 	0.00169743949705	
0.0294179901440 	0.00168492690817	
0.0294429841883 	0.00168553727836	
0.0294679782326 	0.00171452986236	
0.0294929722769 	0.00170751060518	
0.0295179663212 	 	
0.0295429603655 	0.00167119357891	
0.0295679544098 	0.00167394024476	
0.0295929484541 	0.00166905728324	
0.0296179424984 	 	
0.0296429365427 	 	
0.0296679305870 	0.00164281136509	
0.0296929246313 	 	
0.0297179186756 	 	
0.0297429127199 	 	
0.0297679067642 	 	
0.0297929008085 	 	
0.0298178948528 	 	
0.0298428888971 	 	
0.0298678829414 	 	
0.0298928769857 	 	
0.0299178710300 	0.000154728843043	
0.0299428650743 	0.000178838465529	
0.0299678591186 	0.000116885891293	
0.0299928531629 	0.00104098635823	
0.0300178472072 	0.00104281746879	
0.0300428412515 	0.00104403820917	
0.0300678352958 	0.00104770043031	
0.0300928293402 	0.00107089449751	
0.0301178233845 	0.00108859523301	
0.0301428174288 	0.00109073152867	
0.0301678114731 	0.00108310190130	
0.0301928055174 	0.00110995818964	
0.0302177995617 	0.00111148411512	
0.0302427936060 	0.00108218634602	
0.0302677876503 	0.00106753746147	
0.0302927816946 	0.00109500412000	
0.0303177757389 	0.00107669301431	
0.0303427697832 	0.00108829004791	
0.0303677638275 	0.00109622486038	
0.0303927578718 	0.00105502487259	
0.0304177519161 	0.000147709585864	
0.0304427459604 	0.000151676992096	
0.0304677400047 	0.000153202917570	
0.0304927340490 	0.000150456251717	
0.0305177280933 	0.000145573290201	
0.0305427221376 	0.000140385143590	
0.0305677161819 	0.000141300698874	
0.0305927102262 	0.000144962920011	
0.0306177042705 	0.000160222174749	
0.0306426983148 	0.000162663655507	
0.0306676923591 	0.000151982177190	
0.0306926864034 	0.000178228095340	
0.0307176804477 	0.000157170323801	
0.0307426744920 	0.000181585131382	
0.0307676685363 	0.000950346385083	
0.0307926625806 	0.000925016022217	
0.0308176566249 	0.000958281197546	
0.0308426506692 	 	
0.0308676447135 	0.000878933072909	
0.0308926387578 	0.000536515396588	
0.0309176328021 	0.000557573168126	
0.0309426268464 	0.000393993957335	
0.0309676208907 	0.000403759880367	
0.0309926149350 	0.000378429517502	
0.0310176089793 	0.000367748039186	
0.0310426030236 	0.000130619220557	
0.0310675970679 	0.000157780693991	
0.0310925911122 	0.000173955504013	
0.0311175851566 	0.000162663655507	
0.0311425792009 	0.000156865138707	
0.0311675732452 	0.000156254768517	
0.0311925672895 	0.000159306619465	
0.0312175613338 	0.000157780693991	
0.0312425553781 	0.000157170323801	
0.0312675494224 	0.000162053285318	
0.0312925434667 	0.000161442915128	
0.0313175375110 	0.000159611804559	
0.0313425315553 	0.000175481429487	
0.0313675255996 	0.000171208838160	
0.0313925196439 	0.000167546617023	
0.0314175136882 	0.000160222174749	
0.0314425077325 	0.000164494766076	
0.0314675017768 	0.000160527359844	
0.0314924958211 	0.000159611804559	
0.0315174898654 	0.000161442915128	
0.0315424839097 	0.000160222174749	
0.0315674779540 	0.000159306619465	
0.0315924719983 	0.000159916989654	
0.0316174660426 	0.000162663655507	
0.0316424600869 	0.000158696249275	
0.0316674541312 	0.000161748100223	
0.0316924481755 	0.000165105136265	
0.0317174422198 	0.000165410321360	
0.0317424362641 	0.000170293282876	
0.0317674303084 	0.000173039948729	
0.0317924243527 	0.000164799951170	
0.0318174183970 	0.000170903653066	
0.0318424124413 	0.000186773277993	
0.0318674064856 	0.000161442915128	
0.0318924005299 	0.000169682912687	
0.0319173945742 	0.000175176244392	
0.0319423886185 	0.000168156987213	
0.0319673826628 	0.000167546617023	
0.0319923767071 	0.000165410321360	
0.0320173707514 	0.000176091799677	
0.0320423647957 	0.000163884395886	
0.0320673588400 	0.000165410321360	
0.0320923528843 	0.000160527359844	
0.0321173469286 	0.000165715506455	
0.0321423409730 	0.000166936246834	
0.0321673350173 	0.000172124393445	
0.0321923290616 	0.000169072542497	
0.0322173231059 	0.000172429578539	
0.0322423171502 	0.000171819208350	
0.0322673111945 	0.000161442915128	
0.0322923052388 	0.000162663655507	
0.0323172992831 	0.000161748100223	
0.0323422933274 	0.000161137730033	
0.0323672873717 	0.000166325876644	
0.0323922814160 	0.000167241431928	
0.0324172754603 	0.000167546617023	
0.0324422695046 	0.000169682912687	
0.0324672635489 	0.000179754020814	
0.0324922575932 	0.000175786614582	
0.0325172516375 	0.000170598467971	
0.0325422456818 	0.000166020691549	
0.0325672397261 	0.000166631061739	
0.0325922337704 	0.000164494766076	
0.0326172278147 	0.000169072542497	
0.0326422218590 	0.000166631061739	
0.0326672159033 	0.000172124393445	
0.0326922099476 	0.000167241431928	
0.0327172039919 	0.000166020691549	
0.0327421980362 	0.000182805871761	
0.0327671920805 	0.000167546617023	
0.0327921861248 	0.000167546617023	
0.0328171801691 	0.000163579210791	
0.0328421742134 	0.000166936246834	
0.0328671682577 	0.000164799951170	
0.0328921623020 	0.000164189580981	
0.0329171563463 	0.000168462172308	
0.0329421503906 	0.000166631061739	
0.0329671444349 	0.000169682912687	
0.0329921384792 	0.000195013275552	
0.0330171325235 	0.000186162907804	
0.0330421265678 	0.000175481429487	
0.0330671206121 	0.000173039948729	
0.0330921146564 	0.000170598467971	
0.0331171087007 	0.000169072542497	
0.0331421027450 	0.000181890316477	
0.0331670967894 	0.000187688833277	
0.0331920908337 	0.000189825128941	
0.0332170848780 	0.000166631061739	
0.0332420789223 	0.000172429578539	
0.0332670729666 	0.000168462172308	
0.0332920670109 	0.000174565874203	
0.0333170610552 	0.000174565874203	
0.0333420550995 	0.000171819208350	
0.0333670491438 	0.000197149571215	
0.0333920431881 	0.000168156987213	
0.0334170372324 	0.000169377727592	
0.0334420312767 	0.000170598467971	
0.0334670253210 	0.000169682912687	
0.0334920193653 	0.000171208838160	
0.0335170134096 	0.000170598467971	
0.0335420074539 	0.000173039948729	
0.0335670014982 	0.000170293282876	
0.0335919955425 	0.000170598467971	
0.0336169895868 	0.000173650318918	
0.0336419836311 	0.000169377727592	
0.0336669776754 	0.000170293282876	
0.0336919717197 	0.000176091799677	
0.0337169657640 	0.000170293282876	
0.0337419598083 	0.000178228095340	
0.0337669538526 	0.000173650318918	
0.0337919478969 	0.000174871059297	
0.0338169419412 	0.000169988097781	
0.0338419359855 	0.000177312540056	
0.0338669300298 	0.000187688833277	
0.0338919240741 	0.000196844386120	
0.0339169181184 	0.000178533280435	
0.0339419121627 	0.000169682912687	
0.0339669062070 	0.000173650318918	
0.0339919002513 	0.000173039948729	
0.0340168942956 	0.000174260689108	
0.0340418883399 	0.000172429578539	
0.0340668823842 	0.000174871059297	
0.0340918764285 	0.000180364391003	
0.0341168704728 	0.000203558458205	
0.0341418645171 	0.000181279946287	
0.0341668585615 	0.000191351054415	
0.0341918526058 	0.000177617725150	
0.0342168466501 	0.000178533280435	
0.0342418406944 	0.000176396984771	
0.0342668347387 	0.000175176244392	
0.0342918287830 	0.000177922910245	
0.0343168228273 	0.000178533280435	
0.0343418168716 	0.000185552537614	
0.0343668109159 	0.000171514023255	
0.0343918049602 	0.000175481429487	
0.0344167990045 	0.000175786614582	
0.0344417930488 	0.000173345133824	
0.0344667870931 	0.000174871059297	
0.0344917811374 	0.000196539201025	
0.0345167751817 	0.000180364391003	
0.0345417692260 	0.000178838465529	
0.0345667632703 	0.000182195501572	
0.0345917573146 	0.000184026612140	
0.0346167513589 	0.000177617725150	
0.0346417454032 	0.000176091799677	
0.0346667394475 	0.000179143650624	
0.0346917334918 	0.000172124393445	
0.0347167275361 	0.000197149571215	
0.0347417215804 	0.000192266609699	
0.0347667156247 	0.000193182164983	
0.0347917096690 	0.000193182164983	
0.0348167037133 	0.000186773277993	
0.0348416977576 	0.000181279946287	
0.0348666918019 	0.000178228095340	
0.0348916858462 	0.000180364391003	
0.0349166798905 	0.000188604388562	
0.0349416739348 	0.000191351054415	
0.0349666679791 	0.000188604388562	
0.0349916620234 	0.000219428083132	
0.0350166560677 	0.000180059205908	
0.0350416501120 	0.000175786614582	
0.0350666441563 	0.000180364391003	
0.0350916382006 	0.000187688833277	
0.0351166322449 	0.000188299203467	
0.0351416262892 	0.000187688833277	
0.0351666203335 	0.000175786614582	
0.0351916143779 	0.000174565874203	
0.0352166084222 	0.000175786614582	
0.0352416024665 	0.000179448835719	
0.0352665965108 	0.000180364391003	
0.0352915905551 	0.000180364391003	
0.0353165845994 	0.000187078463088	
0.0353415786437 	0.000194402905362	
0.0353665726880 	0.000182500686666	
0.0353915667323 	0.000179143650624	
0.0354165607766 	0.000178228095340	
0.0354415548209 	0.000180059205908	
0.0354665488652 	0.000182805871761	
0.0354915429095 	0.000188604388562	
0.0355165369538 	0.000200811792352	
0.0355415309981 	0.000196539201025	
0.0355665250424 	0.000190130314035	
0.0355915190867 	0.000201727347636	
0.0356165131310 	0.000213324381237	
0.0356415071753 	0.000181279946287	
0.0356665012196 	0.000180669576098	
0.0356914952639 	0.000205999938963	
0.0357164893082 	0.000208441419721	
0.0357414833525 	0.000207831049532	
0.0357664773968 	0.000192266609699	
0.0357914714411 	0.000190740684225	
0.0358164654854 	0.000195318460646	
0.0358414595297 	0.000191351054415	
0.0358664535740 	0.000203558458205	
0.0358914476183 	0.000185857722709	
0.0359164416626 	0.000205389568773	
0.0359414357069 	0.000185552537614	
0.0359664297512 	0.000192266609699	
0.0359914237955 	0.000193182164983	
0.0360164178398 	0.000208136234626	
0.0360414118841 	0.000199896237068	
0.0360664059284 	0.000188909573656	
0.0360913999727 	0.000194402905362	
0.0361163940170 	0.000205999938963	
0.0361413880613 	0.000197149571215	
0.0361663821056 	0.000183111056856	
0.0361913761499 	0.000200201422163	
0.0362163701943 	0.000184026612140	
0.0362413642386 	0.000198675496689	
0.0362663582829 	0.000198675496689	
0.0362913523272 	0.000184942167425	
0.0363163463715 	0.000182500686666	
0.0363413404158 	0.000185857722709	
0.0363663344601 	0.000197149571215	
0.0363913285044 	0.000196234015931	
0.0364163225487 	0.000188299203467	
0.0364413165930 	0.000188909573656	
0.0364663106373 	0.000185857722709	
0.0364913046816 	0.000185247352519	
0.0365162987259 	0.000202642902921	
0.0365412927702 	0.000183721427046	
0.0365662868145 	0.000182195501572	
0.0365912808588 	0.000189825128941	
0.0366162749031 	0.000194402905362	
0.0366412689474 	0.000206305124058	
0.0366662629917 	0.000206305124058	
0.0366912570360 	0.000189825128941	
0.0367162510803 	0.000205389568773	
0.0367412451246 	0.000194708090457	
0.0367662391689 	0.000185552537614	
0.0367912332132 	0.000209051789911	
0.0368162272575 	0.000191351054415	
0.0368412213018 	0.000187688833277	
0.0368662153461 	0.000191045869320	
0.0368912093904 	0.000201422162542	
0.0369162034347 	0.000202642902921	
0.0369411974790 	0.000201727347636	
0.0369661915233 	0.000185247352519	
0.0369911855676 	0.000186773277993	
0.0370161796119 	0.000184026612140	
0.0370411736562 	0.000200506607257	
0.0370661677005 	0.000202948088015	
0.0370911617448 	0.000195623645741	
0.0371161557891 	0.000189825128941	
0.0371411498334 	0.000197759941404	
0.0371661438777 	0.000207525864437	
0.0371911379220 	0.000183416241951	
0.0372161319663 	0.000189519943846	
0.0372411260107 	0.000197149571215	
0.0372661200550 	0.000206305124058	
0.0372911140993 	0.000194097720267	
0.0373161081436 	0.000206915494247	
0.0373411021879 	0.000202032532731	
0.0373660962322 	0.000188604388562	
0.0373910902765 	0.000192266609699	
0.0374160843208 	0.000202948088015	
0.0374410783651 	0.000203863643300	
0.0374660724094 	0.000194097720267	
0.0374910664537 	0.000205084383679	
0.0375160604980 	0.000189214758751	
0.0375410545423 	0.000193487350078	
0.0375660485866 	0.000193182164983	
0.0375910426309 	0.000189825128941	
0.0376160366752 	0.000202337717826	
0.0376410307195 	0.000194402905362	
0.0376660247638 	0.000190435499130	
0.0376910188081 	0.000197759941404	
0.0377160128524 	0.000210577715384	
0.0377410068967 	0.000193182164983	
0.0377660009410 	0.000204779198584	
0.0377909949853 	0.000201422162542	
0.0378159890296 	0.000195928830836	
0.0378409830739 	0.000202642902921	
