Profiles of file: D:\Results\VW\Conti_1019\ICAS1 - Einzelkomponenten\Marvell-Switch\Oberseite\Linien\20191113_151753\025\Default0000.frt
xrange = [0.000000000000 m, 0.0295000000000 m]
xsize = 0.0295000000000 m
yrange = - 
ysize = -
zrange = [3.05185094760E-007 m, 0.00525315103610 m ]
zsize = 0.00525284585101 m
xpoints = 1181
ypoints = 1
- end of header -
Profile 6	 	
x [m]	z [m]	
x0 = 0.151360005140	y0=0.165751993656	
x1 = 0.180859997869	y1=0.165751993656

0.000000000000 		6.04266487625E-005	
2.50000000000E-005 	5.43229468673E-005	
5.00000000000E-005 	5.70696127201E-005	
7.50000000000E-005 	5.92059083834E-005	
0.000100000000000 	7.81273842586E-005	
0.000125000000000 	5.95110934782E-005	
0.000150000000000 	9.06399731437E-005	
0.000175000000000 	8.14844203009E-005	
0.000200000000000 	6.50044251839E-005	
0.000225000000000 	7.20236823634E-005	
0.000250000000000 	7.08029419843E-005	
0.000275000000000 	6.25629444258E-005	
0.000300000000000 	7.32444227424E-005	
0.000325000000000 	5.79851680044E-005	
0.000350000000000 	7.35496078372E-005	
0.000375000000000 	6.95822016053E-005	
0.000400000000000 	7.41599780267E-005	
0.000425000000000 	6.62251655629E-005	
0.000450000000000 	7.44651631214E-005	
0.000475000000000 	7.81273842586E-005	
0.000500000000000 	6.89718314158E-005	
0.000525000000000 	6.34784997101E-005	
0.000550000000000 	6.62251655629E-005	
0.000575000000000 	6.65303506577E-005	
0.000600000000000 	7.14133121738E-005	
0.000625000000000 	6.56147953734E-005	
0.000650000000000 	7.08029419843E-005	
0.000675000000000 	8.27051606800E-005	
0.000700000000000 	5.52385021516E-005	
0.000725000000000 	7.35496078372E-005	
0.000750000000000 	6.37836848048E-005	
0.000775000000000 	7.96533097324E-005	
0.000800000000000 	7.87377544481E-005	
0.000825000000000 	7.50755333110E-005	
0.000850000000000 	7.32444227424E-005	
0.000875000000000 	6.71407208472E-005	
0.000900000000000 	6.31733146153E-005	
0.000925000000000 	6.83614612262E-005	
0.000950000000000 	7.26340525529E-005	
0.000975000000000 	7.14133121738E-005	
0.00100000000000 	8.72829371014E-005	
0.00102500000000 	6.25629444258E-005	
0.00105000000000 	6.25629444258E-005	
0.00107500000000 	6.89718314158E-005	
0.00110000000000 	8.02636799219E-005	
0.00112500000000 	6.16473891415E-005	
0.00115000000000 	7.72118289743E-005	
0.00117500000000 	6.25629444258E-005	
0.00120000000000 	8.39259010590E-005	
0.00122500000000 	7.32444227424E-005	
0.00125000000000 	6.68355357524E-005	
0.00127500000000 	5.98162785730E-005	
0.00130000000000 	7.35496078372E-005	
0.00132500000000 	6.50044251839E-005	
0.00135000000000 	6.80562761315E-005	
0.00137500000000 	7.23288674581E-005	
0.00140000000000 	7.04977568896E-005	
0.00142500000000 	9.36918240913E-005	
0.00145000000000 	8.42310861538E-005	
0.00147500000000 	6.77510910367E-005	
0.00150000000000 	6.25629444258E-005	
0.00152500000000 	7.35496078372E-005	
0.00155000000000 	7.38547929319E-005	
0.00157500000000 	6.62251655629E-005	
0.00160000000000 	7.17184972686E-005	
0.00162500000000 	6.34784997101E-005	
0.00165000000000 	6.86666463210E-005	
0.00167500000000 	7.04977568896E-005	
0.00170000000000 	7.59910885952E-005	
0.00172500000000 	7.66014587848E-005	
0.00175000000000 	6.83614612262E-005	
0.00177500000000 	6.53096102786E-005	
0.00180000000000 	6.92770165105E-005	
0.00182500000000 	7.44651631214E-005	
0.00185000000000 	7.69066438795E-005	
0.00187500000000 	7.47703482162E-005	
0.00190000000000 	8.05688650166E-005	
0.00192500000000 	6.65303506577E-005	
0.00195000000000 	8.30103457747E-005	
0.00197500000000 	8.02636799219E-005	
0.00200000000000 	7.01925717948E-005	
0.00202500000000 	6.46992400891E-005	
0.00205000000000 	7.69066438795E-005	
0.00207500000000 	6.98873867000E-005	
0.00210000000000 	7.50755333110E-005	
0.00212500000000 	7.84325693533E-005	
0.00215000000000 	7.53807184057E-005	
0.00217500000000 	8.97244178594E-005	
0.00220000000000 	6.86666463210E-005	
0.00222500000000 	8.78933072909E-005	
0.00225000000000 	7.20236823634E-005	
0.00227500000000 	8.27051606800E-005	
0.00230000000000 	0.000105594042787	
0.00232500000000 	7.93481246376E-005	
0.00235000000000 	7.59910885952E-005	
0.00237500000000 	8.51466414380E-005	
0.00240000000000 	6.65303506577E-005	
0.00242500000000 	7.20236823634E-005	
0.00245000000000 	6.89718314158E-005	
0.00247500000000 	7.87377544481E-005	
0.00250000000000 	7.29392376476E-005	
0.00252500000000 	9.03347880490E-005	
0.00255000000000 	7.50755333110E-005	
0.00257500000000 	8.42310861538E-005	
0.00260000000000 	8.05688650166E-005	
0.00262500000000 	6.65303506577E-005	
0.00265000000000 	8.69777520066E-005	
0.00267500000000 	7.20236823634E-005	
0.00270000000000 	8.36207159642E-005	
0.00272500000000 	7.78221991638E-005	
0.00275000000000 	8.33155308695E-005	
0.00277500000000 	7.59910885952E-005	
0.00280000000000 	7.23288674581E-005	
0.00282500000000 	7.20236823634E-005	
0.00285000000000 	6.98873867000E-005	
0.00287500000000 	8.66725669118E-005	
0.00290000000000 	8.51466414380E-005	
0.00292500000000 	9.67436750389E-005	
0.00295000000000 	7.96533097324E-005	
0.00297500000000 	6.95822016053E-005	
0.00300000000000 	7.50755333110E-005	
0.00302500000000 	9.21658986175E-005	
0.00305000000000 	7.35496078372E-005	
0.00307500000000 	7.84325693533E-005	
0.00310000000000 	7.38547929319E-005	
0.00312500000000 	8.05688650166E-005	
0.00315000000000 	7.66014587848E-005	
0.00317500000000 	9.36918240913E-005	
0.00320000000000 	7.47703482162E-005	
0.00322500000000 	7.20236823634E-005	
0.00325000000000 	7.35496078372E-005	
0.00327500000000 	7.66014587848E-005	
0.00330000000000 	7.17184972686E-005	
0.00332500000000 	8.30103457747E-005	
0.00335000000000 	9.03347880490E-005	
0.00337500000000 	7.90429395428E-005	
0.00340000000000 	8.57570116276E-005	
0.00342500000000 	8.75881221961E-005	
0.00345000000000 	7.87377544481E-005	
0.00347500000000 	8.48414563433E-005	
0.00350000000000 	8.14844203009E-005	
0.00352500000000 	7.17184972686E-005	
0.00355000000000 	9.15555284280E-005	
0.00357500000000 	9.43021942808E-005	
0.00360000000000 	7.04977568896E-005	
0.00362500000000 	7.87377544481E-005	
0.00365000000000 	8.11792352062E-005	
0.00367500000000 	7.81273842586E-005	
0.00370000000000 	8.27051606800E-005	
0.00372500000000 	8.72829371014E-005	
0.00375000000000 	8.02636799219E-005	
0.00377500000000 	8.81984923856E-005	
0.00380000000000 	8.27051606800E-005	
0.00382500000000 	8.66725669118E-005	
0.00385000000000 	7.41599780267E-005	
0.00387500000000 	6.77510910367E-005	
0.00390000000000 	7.72118289743E-005	
0.00392500000000 	8.48414563433E-005	
0.00395000000000 	0.000113834040345	
0.00397500000000 	9.49125644704E-005	
0.00400000000000 	8.69777520066E-005	
0.00402500000000 	8.39259010590E-005	
0.00405000000000 	8.05688650166E-005	
0.00407500000000 	7.29392376476E-005	
0.00410000000000 	9.76592303232E-005	
0.00412500000000 	9.61333048494E-005	
0.00415000000000 	7.96533097324E-005	
0.00417500000000 	7.26340525529E-005	
0.00420000000000 	7.75170140690E-005	
0.00422500000000 	9.24710837123E-005	
0.00425000000000 	7.81273842586E-005	
0.00427500000000 	7.20236823634E-005	
0.00430000000000 	6.86666463210E-005	
0.00432500000000 	8.57570116276E-005	
0.00435000000000 	7.29392376476E-005	
0.00437500000000 	8.57570116276E-005	
0.00440000000000 	8.42310861538E-005	
0.00442500000000 	6.83614612262E-005	
0.00445000000000 	8.20947904904E-005	
0.00447500000000 	7.11081270791E-005	
0.00450000000000 	8.11792352062E-005	
0.00452500000000 	7.44651631214E-005	
0.00455000000000 	7.87377544481E-005	
0.00457500000000 	7.62962736900E-005	
0.00460000000000 	7.69066438795E-005	
0.00462500000000 	6.40888698996E-005	
0.00465000000000 	6.10370189520E-005	
0.00467500000000 	0.000000000000	
0.00470000000000 	0.000102847376934	
0.00472500000000 	0.000942411572619	
0.00475000000000 	0.000946073793756	
0.00477500000000 	0.000956755272073	
0.00480000000000 	0.000959196752831	
0.00482500000000 	0.000948515274514	
0.00485000000000 	0.00102694784387	
0.00487500000000 	 	
0.00490000000000 	 	
0.00492500000000 	 	
0.00495000000000 	 	
0.00497500000000 	0.00148777733695	
0.00500000000000 	 	
0.00502500000000 	0.00154301583911	
0.00505000000000 	0.00158696249275	
0.00507500000000 	 	
0.00510000000000 	0.00159703360088	
0.00512500000000 	0.00161412396619	
0.00515000000000 	0.00161381878109	
0.00517500000000 	0.00163579210791	
0.00520000000000 	0.00161809137242	
0.00522500000000 	0.00159489730522	
0.00525000000000 	0.00160771507920	
0.00527500000000 	0.00160283211768	
0.00530000000000 	0.00160985137486	
0.00532500000000 	0.00161687063204	
0.00535000000000 	0.00164220099490	
0.00537500000000 	0.00161839655751	
0.00540000000000 	0.00161259804071	
0.00542500000000 	0.00163243507187	
0.00545000000000 	0.00164372692038	
0.00547500000000 	0.00164159062471	
0.00550000000000 	0.00164128543962	
0.00552500000000 	0.00162968840602	
0.00555000000000 	0.00162083803827	
0.00557500000000 	0.00163884395886	
0.00560000000000 	0.00163029877621	
0.00562500000000 	0.00163243507187	
0.00565000000000 	0.00164586321604	
0.00567500000000 	0.00163884395886	
0.00570000000000 	0.00161046174505	
0.00572500000000 	0.00160466322825	
0.00575000000000 	0.00163487655263	
0.00577500000000 	0.00161839655751	
0.00580000000000 	0.00163914914396	
0.00582500000000 	0.00162022766808	
0.00585000000000 	0.00160588396863	
0.00587500000000 	0.00161198767052	
0.00590000000000 	0.00162327951903	
0.00592500000000 	0.00161931211280	
0.00595000000000 	0.00161290322581	
0.00597500000000 	0.00161442915128	
0.00600000000000 	0.00162419507431	
0.00602500000000 	0.00160924100467	
0.00605000000000 	0.00161839655751	
0.00607500000000 	0.00163029877621	
0.00610000000000 	0.00162388988922	
0.00612500000000 	0.00167210913419	
0.00615000000000 	0.00160100100711	
0.00617500000000 	0.00162114322336	
0.00620000000000 	0.00161687063204	
0.00622500000000 	0.00162358470412	
0.00625000000000 	0.00161198767052	
0.00627500000000 	0.00164403210547	
0.00630000000000 	0.00163884395886	
0.00632500000000 	0.00164372692038	
0.00635000000000 	0.00162694174017	
0.00637500000000 	0.00161076693014	
0.00640000000000 	0.00163426618244	
0.00642500000000 	0.00161961729789	
0.00645000000000 	0.00162327951903	
0.00647500000000 	0.00161168248543	
0.00650000000000 	0.00162144840846	
0.00652500000000 	0.00160710470901	
0.00655000000000 	0.00161412396619	
0.00657500000000 	0.00163335062716	
0.00660000000000 	0.00163640247810	
0.00662500000000 	0.00163579210791	
0.00665000000000 	0.00160222174749	
0.00667500000000 	0.00160740989410	
0.00670000000000 	0.00163975951415	
0.00672500000000 	0.00162511062960	
0.00675000000000 	0.00162724692526	
0.00677500000000 	0.00165257728813	
0.00680000000000 	0.00162480544450	
0.00682500000000 	0.00161656544694	
0.00685000000000 	0.00162694174017	
0.00687500000000 	0.00161107211524	
0.00690000000000 	0.00162877285073	
0.00692500000000 	0.00161778618732	
0.00695000000000 	0.00164647358623	
0.00697500000000 	0.00161717581713	
0.00700000000000 	0.00162572099979	
0.00702500000000 	0.00165898617512	
0.00705000000000 	0.00162114322336	
0.00707500000000 	0.00160924100467	
0.00710000000000 	0.00161626026185	
0.00712500000000 	0.00163670766320	
0.00715000000000 	0.00163029877621	
0.00717500000000 	0.00164616840114	
0.00720000000000 	0.00160374767296	
0.00722500000000 	0.00163609729301	
0.00725000000000 	0.00162694174017	
0.00727500000000 	0.00162511062960	
0.00730000000000 	0.00163212988678	
0.00732500000000 	0.00162877285073	
0.00735000000000 	0.00162999359111	
0.00737500000000 	0.00162144840846	
0.00740000000000 	0.00162419507431	
0.00742500000000 	0.00159642323069	
0.00745000000000 	0.00161839655751	
0.00747500000000 	0.00164433729057	
0.00750000000000 	0.00161229285562	
0.00752500000000 	0.00162114322336	
0.00755000000000 	0.00161564989166	
0.00757500000000 	0.00162938322092	
0.00760000000000 	0.00163762321848	
0.00762500000000 	0.00162846766564	
0.00765000000000 	0.00163518173772	
0.00767500000000 	0.00162541581469	
0.00770000000000 	0.00161992248299	
0.00772500000000 	0.00165044099246	
0.00775000000000 	0.00163609729301	
0.00777500000000 	0.00161564989166	
0.00780000000000 	0.00165105136265	
0.00782500000000 	0.00162480544450	
0.00785000000000 	0.00162541581469	
0.00787500000000 	0.00164830469680	
0.00790000000000 	0.00163457136753	
0.00792500000000 	0.00165807061983	
0.00795000000000 	0.00160374767296	
0.00797500000000 	0.00163701284829	
0.00800000000000 	0.00160069582202	
0.00802500000000 	0.00167119357891	
0.00805000000000 	0.00161626026185	
0.00807500000000 	0.00162022766808	
0.00810000000000 	0.00161900692770	
0.00812500000000 	0.00161961729789	
0.00815000000000 	0.00164494766076	
0.00817500000000 	0.00160893581957	
0.00820000000000 	0.00166112247078	
0.00822500000000 	0.00164006469924	
0.00825000000000 	0.00161381878109	
0.00827500000000 	0.00161198767052	
0.00830000000000 	0.00164220099490	
0.00832500000000 	0.00163029877621	
0.00835000000000 	0.00165318765831	
0.00837500000000 	0.00163762321848	
0.00840000000000 	0.00161717581713	
0.00842500000000 	0.00163579210791	
0.00845000000000 	0.00163487655263	
0.00847500000000 	0.00162236396374	
0.00850000000000 	0.00163060396130	
0.00852500000000 	0.00162816248054	
0.00855000000000 	0.00165288247322	
0.00857500000000 	0.00167821283609	
0.00860000000000 	0.00162266914884	
0.00862500000000 	0.00163029877621	
0.00865000000000 	0.00162480544450	
0.00867500000000 	0.00163274025697	
0.00870000000000 	0.00164738914151	
0.00872500000000 	0.00161870174261	
0.00875000000000 	0.00161809137242	
0.00877500000000 	0.00162114322336	
0.00880000000000 	0.00161656544694	
0.00882500000000 	0.00163823358867	
0.00885000000000 	0.00165135654775	
0.00887500000000 	0.00163060396130	
0.00890000000000 	0.00161503952147	
0.00892500000000 	0.00163701284829	
0.00895000000000 	0.00163823358867	
0.00897500000000 	0.00162877285073	
0.00900000000000 	0.00163304544206	
0.00902500000000 	0.00162572099979	
0.00905000000000 	0.00162236396374	
0.00907500000000 	0.00162999359111	
0.00910000000000 	0.00164555803095	
0.00912500000000 	0.00162602618488	
0.00915000000000 	0.00164281136509	
0.00917500000000 	0.00165410321360	
0.00920000000000 	0.00161259804071	
0.00922500000000 	0.00166081728568	
0.00925000000000 	0.00161229285562	
0.00927500000000 	0.00162236396374	
0.00930000000000 	0.00162602618488	
0.00932500000000 	0.00161778618732	
0.00935000000000 	0.00163365581225	
0.00937500000000 	0.00163701284829	
0.00940000000000 	0.00163914914396	
0.00942500000000 	0.00165990173040	
0.00945000000000 	0.00164067506943	
0.00947500000000 	0.00164555803095	
0.00950000000000 	0.00162694174017	
0.00952500000000 	0.00163762321848	
0.00955000000000 	0.00161809137242	
0.00957500000000 	0.00161229285562	
0.00960000000000 	0.00162694174017	
0.00962500000000 	0.00164677877132	
0.00965000000000 	0.00163548692282	
0.00967500000000 	0.00163914914396	
0.00970000000000 	0.00162266914884	
0.00972500000000 	0.00164677877132	
0.00975000000000 	0.00161564989166	
0.00977500000000 	0.00161931211280	
0.00980000000000 	0.00164525284585	
0.00982500000000 	0.00162846766564	
0.00985000000000 	0.00163579210791	
0.00987500000000 	0.00163975951415	
0.00990000000000 	0.00161015655995	
0.00992500000000 	0.00162144840846	
0.00995000000000 	0.00163579210791	
0.00997500000000 	0.00163975951415	
0.0100000000000 	0.00163609729301	
0.0100250000000 	0.00163823358867	
0.0100500000000 	0.00162846766564	
0.0100750000000 	0.00162907803583	
0.0101000000000 	0.00164311655019	
0.0101250000000 	0.00164494766076	
0.0101500000000 	0.00161381878109	
0.0101750000000 	0.00161778618732	
0.0102000000000 	0.00167516098514	
0.0102250000000 	0.00163090914640	
0.0102500000000 	0.00162480544450	
0.0102750000000 	0.00162602618488	
0.0103000000000 	0.00164311655019	
0.0103250000000 	0.00163212988678	
0.0103500000000 	0.00164677877132	
0.0103750000000 	0.00163274025697	
0.0104000000000 	0.00163029877621	
0.0104250000000 	0.00163426618244	
0.0104500000000 	0.00161473433638	
0.0104750000000 	0.00162572099979	
0.0105000000000 	0.00164616840114	
0.0105250000000 	0.00162083803827	
0.0105500000000 	0.00162144840846	
0.0105750000000 	0.00164159062471	
0.0106000000000 	0.00162114322336	
0.0106250000000 	0.00161259804071	
0.0106500000000 	0.00161870174261	
0.0106750000000 	0.00164494766076	
0.0107000000000 	0.00162511062960	
0.0107250000000 	0.00161229285562	
0.0107500000000 	0.00163609729301	
0.0107750000000 	0.00166051210059	
0.0108000000000 	0.00164525284585	
0.0108250000000 	0.00163304544206	
0.0108500000000 	0.00168614764855	
0.0108750000000 	0.00165257728813	
0.0109000000000 	0.00161229285562	
0.0109250000000 	0.00160985137486	
0.0109500000000 	0.00162358470412	
0.0109750000000 	0.00161931211280	
0.0110000000000 	0.00162022766808	
0.0110250000000 	0.00163365581225	
0.0110500000000 	0.00163090914640	
0.0110750000000 	0.00162572099979	
0.0111000000000 	0.00162968840602	
0.0111250000000 	0.00161473433638	
0.0111500000000 	0.00165288247322	
0.0111750000000 	0.00161137730033	
0.0112000000000 	0.00161778618732	
0.0112250000000 	0.00162968840602	
0.0112500000000 	0.00162907803583	
0.0112750000000 	0.00162724692526	
0.0113000000000 	0.00164738914151	
0.0113250000000 	0.00163151951659	
0.0113500000000 	0.00162480544450	
0.0113750000000 	0.00162480544450	
0.0114000000000 	0.00162877285073	
0.0114250000000 	0.00163121433149	
0.0114500000000 	0.00164983062227	
0.0114750000000 	0.00162755211035	
0.0115000000000 	0.00162022766808	
0.0115250000000 	0.00162480544450	
0.0115500000000 	0.00161626026185	
0.0115750000000 	0.00161656544694	
0.0116000000000 	0.00163518173772	
0.0116250000000 	0.00163029877621	
0.0116500000000 	0.00162327951903	
0.0116750000000 	0.00164250618000	
0.0117000000000 	0.00160557878353	
0.0117250000000 	0.00166722617267	
0.0117500000000 	0.00163304544206	
0.0117750000000 	0.00165929136021	
0.0118000000000 	0.00162724692526	
0.0118250000000 	0.00162755211035	
0.0118500000000 	0.00162663655507	
0.0118750000000 	0.00165898617512	
0.0119000000000 	0.00163579210791	
0.0119250000000 	0.00162907803583	
0.0119500000000 	0.00162602618488	
0.0119750000000 	0.00162114322336	
0.0120000000000 	0.00163212988678	
0.0120250000000 	0.00162083803827	
0.0120500000000 	0.00162144840846	
0.0120750000000 	0.00163914914396	
0.0121000000000 	0.00169591357158	
0.0121250000000 	0.00163304544206	
0.0121500000000 	0.00164342173528	
0.0121750000000 	0.00164098025452	
0.0122000000000 	0.00162450025941	
0.0122250000000 	0.00161992248299	
0.0122500000000 	0.00165807061983	
0.0122750000000 	0.00163090914640	
0.0123000000000 	0.00162297433393	
0.0123250000000 	0.00162755211035	
0.0123500000000 	0.00163243507187	
0.0123750000000 	0.00164036988433	
0.0124000000000 	0.00164555803095	
0.0124250000000 	0.00160649433882	
0.0124500000000 	0.00162968840602	
0.0124750000000 	0.00166295358135	
0.0125000000000 	0.00164525284585	
0.0125250000000 	0.00163609729301	
0.0125500000000 	0.00164311655019	
0.0125750000000 	0.00164769432661	
0.0126000000000 	0.00163701284829	
0.0126250000000 	0.00162968840602	
0.0126500000000 	0.00163548692282	
0.0126750000000 	0.00163182470168	
0.0127000000000 	0.00164433729057	
0.0127250000000 	0.00165837580493	
0.0127500000000 	0.00167088839381	
0.0127750000000 	0.00166325876644	
0.0128000000000 	0.00164036988433	
0.0128250000000 	0.00166417432173	
0.0128500000000 	0.00165562913907	
0.0128750000000 	0.00162755211035	
0.0129000000000 	0.00162541581469	
0.0129250000000 	0.00163121433149	
0.0129500000000 	0.00163792840358	
0.0129750000000 	0.00163121433149	
0.0130000000000 	0.00163426618244	
0.0130250000000 	0.00166417432173	
0.0130500000000 	0.00162602618488	
0.0130750000000 	0.00164128543962	
0.0131000000000 	0.00164189580981	
0.0131250000000 	0.00163701284829	
0.0131500000000 	0.00162785729545	
0.0131750000000 	0.00166722617267	
0.0132000000000 	0.00163609729301	
0.0132250000000 	0.00162724692526	
0.0132500000000 	0.00164189580981	
0.0132750000000 	0.00163884395886	
0.0133000000000 	0.00166417432173	
0.0133250000000 	0.00165807061983	
0.0133500000000 	0.00164036988433	
0.0133750000000 	0.00164494766076	
0.0134000000000 	0.00162602618488	
0.0134250000000 	0.00164616840114	
0.0134500000000 	0.00162511062960	
0.0134750000000 	0.00163823358867	
0.0135000000000 	0.00166203802606	
0.0135250000000 	0.00164128543962	
0.0135500000000 	0.00164860988189	
0.0135750000000 	0.00163731803339	
0.0136000000000 	0.00161442915128	
0.0136250000000 	0.00163548692282	
0.0136500000000 	0.00162785729545	
0.0136750000000 	0.00164098025452	
0.0137000000000 	0.00165379802850	
0.0137250000000 	0.00162297433393	
0.0137500000000 	0.00162602618488	
0.0137750000000 	0.00164220099490	
0.0138000000000 	0.00163487655263	
0.0138250000000 	0.00162358470412	
0.0138500000000 	0.00163701284829	
0.0138750000000 	0.00164006469924	
0.0139000000000 	0.00163731803339	
0.0139250000000 	0.00163335062716	
0.0139500000000 	0.00163823358867	
0.0139750000000 	0.00164098025452	
0.0140000000000 	0.00164281136509	
0.0140250000000 	0.00164433729057	
0.0140500000000 	0.00164769432661	
0.0140750000000 	0.00164220099490	
0.0141000000000 	0.00161992248299	
0.0141250000000 	0.00162877285073	
0.0141500000000 	0.00162694174017	
0.0141750000000 	0.00166356395154	
0.0142000000000 	0.00164586321604	
0.0142250000000 	0.00163762321848	
0.0142500000000 	0.00165318765831	
0.0142750000000 	0.00163426618244	
0.0143000000000 	0.00165166173284	
0.0143250000000 	0.00162266914884	
0.0143500000000 	0.00163518173772	
0.0143750000000 	0.00165257728813	
0.0144000000000 	0.00163914914396	
0.0144250000000 	0.00163243507187	
0.0144500000000 	0.00165257728813	
0.0144750000000 	0.00162419507431	
0.0145000000000 	0.00164281136509	
0.0145250000000 	0.00164159062471	
0.0145500000000 	0.00164983062227	
0.0145750000000 	0.00166325876644	
0.0146000000000 	0.00166142765587	
0.0146250000000 	0.00162602618488	
0.0146500000000 	0.00164738914151	
0.0146750000000 	0.00163670766320	
0.0147000000000 	0.00164128543962	
0.0147250000000 	0.00166508987701	
0.0147500000000 	0.00165257728813	
0.0147750000000 	0.00165623950926	
0.0148000000000 	0.00165013580737	
0.0148250000000 	0.00169225135044	
0.0148500000000 	0.00166508987701	
0.0148750000000 	0.00167180394910	
0.0149000000000 	0.00164983062227	
0.0149250000000 	0.00167607654042	
0.0149500000000 	0.00166631061739	
0.0149750000000 	0.00164952543718	
0.0150000000000 	0.00163426618244	
0.0150250000000 	0.00164372692038	
0.0150500000000 	0.00165227210303	
0.0150750000000 	0.00165623950926	
0.0151000000000 	0.00166692098758	
0.0151250000000 	0.00164830469680	
0.0151500000000 	0.00164586321604	
0.0151750000000 	0.00164067506943	
0.0152000000000 	0.00165105136265	
0.0152250000000 	0.00164342173528	
0.0152500000000 	0.00165196691794	
0.0152750000000 	0.00164555803095	
0.0153000000000 	0.00164494766076	
0.0153250000000 	0.00164647358623	
0.0153500000000 	0.00165105136265	
0.0153750000000 	0.00165410321360	
0.0154000000000 	0.00163975951415	
0.0154250000000 	0.00164372692038	
0.0154500000000 	0.00164189580981	
0.0154750000000 	0.00164403210547	
0.0155000000000 	0.00164586321604	
0.0155250000000 	0.00165684987945	
0.0155500000000 	0.00165044099246	
0.0155750000000 	0.00164067506943	
0.0156000000000 	0.00164464247566	
0.0156250000000 	0.00165074617756	
0.0156500000000 	0.00164311655019	
0.0156750000000 	0.00163701284829	
0.0157000000000 	0.00163335062716	
0.0157250000000 	0.00166051210059	
0.0157500000000 	0.00166997283853	
0.0157750000000 	0.00165471358379	
0.0158000000000 	0.00167027802362	
0.0158250000000 	0.00166783654286	
0.0158500000000 	0.00165746024964	
0.0158750000000 	0.00164738914151	
0.0159000000000 	0.00166997283853	
0.0159250000000 	0.00163823358867	
0.0159500000000 	0.00164983062227	
0.0159750000000 	0.00164891506699	
0.0160000000000 	0.00165196691794	
0.0160250000000 	0.00165532395398	
0.0160500000000 	0.00165684987945	
0.0160750000000 	0.00167699209571	
0.0161000000000 	0.00167577135533	
0.0161250000000 	0.00164616840114	
0.0161500000000 	0.00164708395642	
0.0161750000000 	0.00167332987457	
0.0162000000000 	0.00167973876156	
0.0162250000000 	0.00164738914151	
0.0162500000000 	0.00163335062716	
0.0162750000000 	0.00164372692038	
0.0163000000000 	0.00165776543474	
0.0163250000000 	0.00165105136265	
0.0163500000000 	0.00163823358867	
0.0163750000000 	0.00165349284341	
0.0164000000000 	0.00166722617267	
0.0164250000000 	0.00163823358867	
0.0164500000000 	0.00164159062471	
0.0164750000000 	0.00167027802362	
0.0165000000000 	0.00168797875912	
0.0165250000000 	0.00165074617756	
0.0165500000000 	0.00164494766076	
0.0165750000000 	0.00165257728813	
0.0166000000000 	0.00164494766076	
0.0166250000000 	0.00165135654775	
0.0166500000000 	0.00166081728568	
0.0166750000000 	0.00167210913419	
0.0167000000000 	0.00165044099246	
0.0167250000000 	0.00165410321360	
0.0167500000000 	0.00170140690329	
0.0167750000000 	0.00164433729057	
0.0168000000000 	0.00169194616535	
0.0168250000000 	0.00164616840114	
0.0168500000000 	0.00167363505966	
0.0168750000000 	0.00164799951170	
0.0169000000000 	0.00165410321360	
0.0169250000000 	0.00166020691549	
0.0169500000000 	0.00165959654530	
0.0169750000000 	0.00163884395886	
0.0170000000000 	0.00164891506699	
0.0170250000000 	0.00165898617512	
0.0170500000000 	0.00165227210303	
0.0170750000000 	0.00166570024720	
0.0171000000000 	0.00165349284341	
0.0171250000000 	0.00165471358379	
0.0171500000000 	0.00166142765587	
0.0171750000000 	0.00166875209815	
0.0172000000000 	0.00165410321360	
0.0172250000000 	0.00165257728813	
0.0172500000000 	0.00166020691549	
0.0172750000000 	0.00166142765587	
0.0173000000000 	0.00165776543474	
0.0173250000000 	0.00165562913907	
0.0173500000000 	0.00165440839869	
0.0173750000000 	0.00164952543718	
0.0174000000000 	0.00165440839869	
0.0174250000000 	0.00165227210303	
0.0174500000000 	0.00165715506455	
0.0174750000000 	0.00165501876888	
0.0175000000000 	0.00166356395154	
0.0175250000000 	0.00165623950926	
0.0175500000000 	0.00165593432417	
0.0175750000000 	0.00166020691549	
0.0176000000000 	0.00166325876644	
0.0176250000000 	0.00165501876888	
0.0176500000000 	0.00166051210059	
0.0176750000000 	0.00166753135777	
0.0177000000000 	0.00168401135289	
0.0177250000000 	0.00169011505478	
0.0177500000000 	0.00167546617023	
0.0177750000000 	0.00165349284341	
0.0178000000000 	0.00164616840114	
0.0178250000000 	0.00168614764855	
0.0178500000000 	0.00167210913419	
0.0178750000000 	0.00169072542497	
0.0179000000000 	0.00165166173284	
0.0179250000000 	0.00167210913419	
0.0179500000000 	0.00166264839625	
0.0179750000000 	0.00165990173040	
0.0180000000000 	0.00166447950682	
0.0180250000000 	0.00166570024720	
0.0180500000000 	0.00170903653066	
0.0180750000000 	0.00165410321360	
0.0181000000000 	0.00169011505478	
0.0181250000000 	0.00166173284097	
0.0181500000000 	0.00165715506455	
0.0181750000000 	0.00166722617267	
0.0182000000000 	0.00165379802850	
0.0182250000000 	0.00165807061983	
0.0182500000000 	0.00168767357402	
0.0182750000000 	0.00168340098270	
0.0183000000000 	0.00167577135533	
0.0183250000000 	0.00166325876644	
0.0183500000000 	0.00166692098758	
0.0183750000000 	0.00165288247322	
0.0184000000000 	0.00167821283609	
0.0184250000000 	0.00166325876644	
0.0184500000000 	0.00166539506211	
0.0184750000000 	0.00166631061739	
0.0185000000000 	0.00166875209815	
0.0185250000000 	0.00166844691305	
0.0185500000000 	0.00164586321604	
0.0185750000000 	0.00166722617267	
0.0186000000000 	0.00166936246834	
0.0186250000000 	0.00166722617267	
0.0186500000000 	0.00165196691794	
0.0186750000000 	0.00167180394910	
0.0187000000000 	0.00165593432417	
0.0187250000000 	0.00170903653066	
0.0187500000000 	0.00167729728080	
0.0187750000000 	0.00164647358623	
0.0188000000000 	0.00164555803095	
0.0188250000000 	0.00167577135533	
0.0188500000000 	0.00166081728568	
0.0188750000000 	0.00165196691794	
0.0189000000000 	0.00167058320872	
0.0189250000000 	0.00169072542497	
0.0189500000000 	0.00164799951170	
0.0189750000000 	0.00166692098758	
0.0190000000000 	0.00167241431928	
0.0190250000000 	0.00166692098758	
0.0190500000000 	0.00167027802362	
0.0190750000000 	0.00166478469192	
0.0191000000000 	0.00166936246834	
0.0191250000000 	0.00167912839137	
0.0191500000000 	0.00166356395154	
0.0191750000000 	0.00166386913663	
0.0192000000000 	0.00166203802606	
0.0192250000000 	0.00167668691061	
0.0192500000000 	0.00170232245857	
0.0192750000000 	0.00169347209082	
0.0193000000000 	0.00165654469436	
0.0193250000000 	0.00172002319407	
0.0193500000000 	0.00168370616779	
0.0193750000000 	0.00166020691549	
0.0194000000000 	0.00165623950926	
0.0194250000000 	0.00171056245613	
0.0194500000000 	0.00170232245857	
0.0194750000000 	0.00167729728080	
0.0195000000000 	0.00167790765099	
0.0195250000000 	0.00167607654042	
0.0195500000000 	0.00167210913419	
0.0195750000000 	0.00167119357891	
0.0196000000000 	0.00167271950438	
0.0196250000000 	0.00166234321116	
0.0196500000000 	0.00166631061739	
0.0196750000000 	0.00165898617512	
0.0197000000000 	0.00167455061495	
0.0197250000000 	0.00169774468215	
0.0197500000000 	0.00167394024476	
0.0197750000000 	0.00166631061739	
0.0198000000000 	0.00166539506211	
0.0198250000000 	0.00166173284097	
0.0198500000000 	0.00167485580004	
0.0198750000000 	0.00169103061007	
0.0199000000000 	0.00171330912198	
0.0199250000000 	0.00168218024232	
0.0199500000000 	0.00167882320627	
0.0199750000000 	0.00170995208594	
0.0200000000000 	0.00168218024232	
0.0200250000000 	0.00167210913419	
0.0200500000000 	0.00167088839381	
0.0200750000000 	0.00166997283853	
0.0201000000000 	0.00167516098514	
0.0201250000000 	0.00167485580004	
0.0201500000000 	0.00166478469192	
0.0201750000000 	0.00169682912687	
0.0202000000000 	0.00170201727348	
0.0202250000000 	0.00169255653554	
0.0202500000000 	0.00166753135777	
0.0202750000000 	0.00171819208350	
0.0203000000000 	0.00165013580737	
0.0203250000000 	0.00170445875423	
0.0203500000000 	0.00167577135533	
0.0203750000000 	0.00168309579760	
0.0204000000000 	0.00167058320872	
0.0204250000000 	0.00170018616291	
0.0204500000000 	0.00167424542985	
0.0204750000000 	0.00166936246834	
0.0205000000000 	0.00167912839137	
0.0205250000000 	0.00167699209571	
0.0205500000000 	0.00168492690817	
0.0205750000000 	0.00167577135533	
0.0206000000000 	0.00168523209326	
0.0206250000000 	0.00168004394665	
0.0206500000000 	0.00166600543229	
0.0206750000000 	0.00167973876156	
0.0207000000000 	0.00167088839381	
0.0207250000000 	0.00167210913419	
0.0207500000000 	0.00168004394665	
0.0207750000000 	0.00169530320139	
0.0208000000000 	0.00167516098514	
0.0208250000000 	0.00167699209571	
0.0208500000000 	0.00167699209571	
0.0208750000000 	0.00169713431196	
0.0209000000000 	0.00168828394421	
0.0209250000000 	0.00168004394665	
0.0209500000000 	0.00165959654530	
0.0209750000000 	0.00166386913663	
0.0210000000000 	0.00168706320383	
0.0210250000000 	0.00167088839381	
0.0210500000000 	0.00170232245857	
0.0210750000000 	0.00167760246590	
0.0211000000000 	0.00170812097537	
0.0211250000000 	0.00171269875179	
0.0211500000000 	0.00166570024720	
0.0211750000000 	0.00169835505234	
0.0212000000000 	0.00170903653066	
0.0212250000000 	0.00167058320872	
0.0212500000000 	0.00171391949217	
0.0212750000000 	0.00170628986480	
0.0213000000000 	0.00168889431440	
0.0213250000000 	0.00167363505966	
0.0213500000000 	0.00168645283364	
0.0213750000000 	0.00170598467971	
0.0214000000000 	0.00167668691061	
0.0214250000000 	0.00169255653554	
0.0214500000000 	0.00174779503769	
0.0214750000000 	0.00168248542741	
0.0215000000000 	0.00169469283120	
0.0215250000000 	0.00167943357646	
0.0215500000000 	0.00170018616291	
0.0215750000000 	0.00168126468703	
0.0216000000000 	0.00167271950438	
0.0216250000000 	0.00168767357402	
0.0216500000000 	0.00170201727348	
0.0216750000000 	0.00169103061007	
0.0217000000000 	0.00169499801630	
0.0217250000000 	0.00168736838893	
0.0217500000000 	0.00169072542497	
0.0217750000000 	0.00169255653554	
0.0218000000000 	0.00169316690573	
0.0218250000000 	0.00168004394665	
0.0218500000000 	0.00168706320383	
0.0218750000000 	0.00167973876156	
0.0219000000000 	0.00168828394421	
0.0219250000000 	0.00167790765099	
0.0219500000000 	0.00168614764855	
0.0219750000000 	0.00169621875668	
0.0220000000000 	0.00170598467971	
0.0220250000000 	0.00167821283609	
0.0220500000000 	0.00167607654042	
0.0220750000000 	0.00172307504501	
0.0221000000000 	0.00169804986724	
0.0221250000000 	0.00169927060762	
0.0221500000000 	0.00168492690817	
0.0221750000000 	0.00171025727103	
0.0222000000000 	0.00167638172552	
0.0222250000000 	0.00169225135044	
0.0222500000000 	0.00171330912198	
0.0222750000000 	0.00166325876644	
0.0223000000000 	0.00166844691305	
0.0223250000000 	0.00170751060518	
0.0223500000000 	0.00168797875912	
0.0223750000000 	0.00170384838404	
0.0224000000000 	0.00169225135044	
0.0224250000000 	0.00170171208838	
0.0224500000000 	0.00168950468459	
0.0224750000000 	0.00167760246590	
0.0225000000000 	0.00169530320139	
0.0225250000000 	0.00169164098025	
0.0225500000000 	0.00169591357158	
0.0225750000000 	0.00170201727348	
0.0226000000000 	0.00169438764611	
0.0226250000000 	0.00168828394421	
0.0226500000000 	0.00167973876156	
0.0226750000000 	0.00169896542253	
0.0227000000000 	0.00167943357646	
0.0227250000000 	0.00169347209082	
0.0227500000000 	0.00174810022279	
0.0227750000000 	0.00172399060030	
0.0228000000000 	0.00168187505722	
0.0228250000000 	0.00168065431684	
0.0228500000000 	0.00169042023988	
0.0228750000000 	0.00172338023011	
0.0229000000000 	0.00173162022767	
0.0229250000000 	0.00170415356914	
0.0229500000000 	0.00172276985992	
0.0229750000000 	0.00169621875668	
0.0230000000000 	0.00169682912687	
0.0230250000000 	0.00168370616779	
0.0230500000000 	0.00170506912442	
0.0230750000000 	0.00170384838404	
0.0231000000000 	0.00170018616291	
0.0231250000000 	0.00170567949461	
0.0231500000000 	0.00169438764611	
0.0231750000000 	0.00168889431440	
0.0232000000000 	0.00172582171087	
0.0232250000000 	0.00171941282388	
0.0232500000000 	0.00171147801141	
0.0232750000000 	0.00169255653554	
0.0233000000000 	0.00170354319895	
0.0233250000000 	0.00169133579516	
0.0233500000000 	0.00167607654042	
0.0233750000000 	0.00169194616535	
0.0234000000000 	0.00168767357402	
0.0234250000000 	0.00169469283120	
0.0234500000000 	0.00169927060762	
0.0234750000000 	0.00169499801630	
0.0235000000000 	0.00172154911954	
0.0235250000000 	0.00169560838649	
0.0235500000000 	0.00171239356670	
0.0235750000000 	0.00168614764855	
0.0236000000000 	0.00168523209326	
0.0236250000000 	0.00171514023255	
0.0236500000000 	0.00169713431196	
0.0236750000000 	0.00169774468215	
0.0237000000000 	0.00173375652333	
0.0237250000000 	0.00168828394421	
0.0237500000000 	0.00170751060518	
0.0237750000000 	0.00168248542741	
0.0238000000000 	0.00168401135289	
0.0238250000000 	0.00168950468459	
0.0238500000000 	0.00169347209082	
0.0238750000000 	0.00169621875668	
0.0239000000000 	0.00170598467971	
0.0239250000000 	0.00169072542497	
0.0239500000000 	0.00171880245369	
0.0239750000000 	0.00170140690329	
0.0240000000000 	0.00171239356670	
0.0240250000000 	0.00169835505234	
0.0240500000000 	0.00170690023499	
0.0240750000000 	0.00169713431196	
0.0241000000000 	0.00174077578051	
0.0241250000000 	0.00171697134312	
0.0241500000000 	0.00170812097537	
0.0241750000000 	0.00171025727103	
0.0242000000000 	0.00170445875423	
0.0242250000000 	0.00169621875668	
0.0242500000000 	0.00169499801630	
0.0242750000000 	0.00169866023743	
0.0243000000000 	0.00170140690329	
0.0243250000000 	0.00169743949705	
0.0243500000000 	0.00168919949950	
0.0243750000000 	0.00171880245369	
0.0244000000000 	0.00169560838649	
0.0244250000000 	0.00169103061007	
0.0244500000000 	0.00174016541032	
0.0244750000000 	0.00175695059053	
0.0245000000000 	0.00172551652577	
0.0245250000000 	0.00166539506211	
0.0245500000000 	 	
0.0245750000000 	 	
0.0246000000000 	 	
0.0246250000000 	 	
0.0246500000000 	 	
0.0246750000000 	 	
0.0247000000000 	0.00138645588549	
0.0247250000000 	0.00142948698386	
0.0247500000000 	0.00124057741020	
0.0247750000000 	0.00107791375469	
0.0248000000000 	0.00108401745659	
0.0248250000000 	0.00106906338694	
0.0248500000000 	0.00107516708884	
0.0248750000000 	0.00105380413221	
0.0249000000000 	0.00108584856716	
0.0249250000000 	0.00107730338450	
0.0249500000000 	0.00108554338206	
0.0249750000000 	0.00108340708640	
0.0250000000000 	0.00108310190130	
0.0250250000000 	0.00107913449507	
0.0250500000000 	0.00107608264412	
0.0250750000000 	0.00106357005524	
0.0251000000000 	0.00107516708884	
0.0251250000000 	0.00105868709372	
0.0251500000000 	0.00104678487503	
0.0251750000000 	0.00104709006012	
0.0252000000000 	0.00104007080294	
0.0252250000000 	0.000158085879086	
0.0252500000000 	0.000161137730033	
0.0252750000000 	0.000159611804559	
0.0253000000000 	0.000153202917570	
0.0253250000000 	0.000401013214515	
0.0253500000000 	0.000368663594470	
0.0253750000000 	0.000374767296365	
0.0254000000000 	0.000363170262764	
0.0254250000000 	0.000346079897458	
0.0254500000000 	0.000350352488784	
0.0254750000000 	0.000374767296365	
0.0255000000000 	0.000346690267647	
0.0255250000000 	0.000321359904782	
0.0255500000000 	0.000365916928617	
0.0255750000000 	0.000327768791772	
0.0256000000000 	0.000343638416700	
0.0256250000000 	0.000350962858974	
0.0256500000000 	0.000361644337291	
0.0256750000000 	0.000329905087436	
0.0257000000000 	0.000318613238929	
0.0257250000000 	0.000314035462508	
0.0257500000000 	0.000325937681204	
0.0257750000000 	0.000175786614582	
0.0258000000000 	0.000161442915128	
0.0258250000000 	0.000157475508896	
0.0258500000000 	0.000169377727592	
0.0258750000000 	0.000168767357402	
0.0259000000000 	0.000171208838160	
0.0259250000000 	0.000167851802118	
0.0259500000000 	0.000170293282876	
0.0259750000000 	0.000167546617023	
0.0260000000000 	0.000182195501572	
0.0260250000000 	0.000155644398328	
0.0260500000000 	0.000180364391003	
0.0260750000000 	0.000168767357402	
0.0261000000000 	0.000173039948729	
0.0261250000000 	0.000157780693991	
0.0261500000000 	0.000161442915128	
0.0261750000000 	0.000181585131382	
0.0262000000000 	0.000179143650624	
0.0262250000000 	0.000175786614582	
0.0262500000000 	0.000182500686666	
0.0262750000000 	0.000175176244392	
0.0263000000000 	0.000169072542497	
0.0263250000000 	0.000162968840602	
0.0263500000000 	0.000174565874203	
0.0263750000000 	0.000193792535173	
0.0264000000000 	0.000159916989654	
0.0264250000000 	0.000153813287759	
0.0264500000000 	0.000174871059297	
0.0264750000000 	0.000167546617023	
0.0265000000000 	0.000170598467971	
0.0265250000000 	0.000170598467971	
0.0265500000000 	0.000158391064180	
0.0265750000000 	0.000157780693991	
0.0266000000000 	0.000165105136265	
0.0266250000000 	0.000175176244392	
0.0266500000000 	0.000191656239509	
0.0266750000000 	0.000169072542497	
0.0267000000000 	0.000173345133824	
0.0267250000000 	0.000172429578539	
0.0267500000000 	0.000173650318918	
0.0267750000000 	0.000192571794794	
0.0268000000000 	0.000177922910245	
0.0268250000000 	0.000174260689108	
0.0268500000000 	0.000169377727592	
0.0268750000000 	0.000177007354961	
0.0269000000000 	0.000172124393445	
0.0269250000000 	0.000161442915128	
0.0269500000000 	0.000191045869320	
0.0269750000000 	0.000174260689108	
0.0270000000000 	0.000163884395886	
0.0270250000000 	0.000166936246834	
0.0270500000000 	0.000156254768517	
0.0270750000000 	0.000156559953612	
0.0271000000000 	0.000152592547380	
0.0271250000000 	0.000157170323801	
0.0271500000000 	0.000153202917570	
0.0271750000000 	0.000227668080691	
0.0272000000000 	0.000257271034883	
0.0272250000000 	0.000179754020814	
0.0272500000000 	0.000159306619465	
0.0272750000000 	0.000160527359844	
0.0273000000000 	0.000160527359844	
0.0273250000000 	0.000161442915128	
0.0273500000000 	0.000164494766076	
0.0273750000000 	0.000178228095340	
0.0274000000000 	0.000155034028138	
0.0274250000000 	0.000173039948729	
0.0274500000000 	0.000166020691549	
0.0274750000000 	0.000172734763634	
0.0275000000000 	0.000155034028138	
0.0275250000000 	0.000158696249275	
0.0275500000000 	0.000168462172308	
0.0275750000000 	0.000170598467971	
0.0276000000000 	0.000157780693991	
0.0276250000000 	0.000169377727592	
0.0276500000000 	0.000174260689108	
0.0276750000000 	0.000170903653066	
0.0277000000000 	0.000155949583422	
0.0277250000000 	0.000156865138707	
0.0277500000000 	0.000157475508896	
0.0277750000000 	0.000175786614582	
0.0278000000000 	0.000196844386120	
0.0278250000000 	0.000177007354961	
0.0278500000000 	0.000167241431928	
0.0278750000000 	0.000173955504013	
0.0279000000000 	0.000164799951170	
0.0279250000000 	0.000165105136265	
0.0279500000000 	0.000164799951170	
0.0279750000000 	0.000184331797235	
0.0280000000000 	0.000169988097781	
0.0280250000000 	0.000169682912687	
0.0280500000000 	0.000163884395886	
0.0280750000000 	0.000172734763634	
0.0281000000000 	0.000174871059297	
0.0281250000000 	0.000163274025697	
0.0281500000000 	0.000173955504013	
0.0281750000000 	0.000166631061739	
0.0282000000000 	0.000159611804559	
0.0282250000000 	0.000164494766076	
0.0282500000000 	0.000170598467971	
0.0282750000000 	0.000189519943846	
0.0283000000000 	0.000174565874203	
0.0283250000000 	0.000175786614582	
0.0283500000000 	0.000164189580981	
0.0283750000000 	0.000159611804559	
0.0284000000000 	0.000170903653066	
0.0284250000000 	0.000166325876644	
0.0284500000000 	0.000179448835719	
0.0284750000000 	0.000174260689108	
0.0285000000000 	0.000179448835719	
0.0285250000000 	0.000176091799677	
0.0285500000000 	0.000164189580981	
0.0285750000000 	0.000161442915128	
0.0286000000000 	0.000173039948729	
0.0286250000000 	0.000174871059297	
0.0286500000000 	0.000193487350078	
0.0286750000000 	0.000169377727592	
0.0287000000000 	0.000174871059297	
0.0287250000000 	0.000173650318918	
0.0287500000000 	0.000173039948729	
0.0287750000000 	0.000168767357402	
0.0288000000000 	0.000187688833277	
0.0288250000000 	0.000191961424604	
0.0288500000000 	0.000189214758751	
0.0288750000000 	0.000172124393445	
0.0289000000000 	0.000175786614582	
0.0289250000000 	0.000164799951170	
0.0289500000000 	0.000169988097781	
0.0289750000000 	0.000174871059297	
0.0290000000000 	0.000167851802118	
0.0290250000000 	0.000169072542497	
0.0290500000000 	0.000166936246834	
0.0290750000000 	0.000162968840602	
0.0291000000000 	0.000165410321360	
0.0291250000000 	0.000161137730033	
0.0291500000000 	0.000171514023255	
0.0291750000000 	0.000179143650624	
0.0292000000000 	0.000171514023255	
0.0292250000000 	0.000178533280435	
0.0292500000000 	0.000183111056856	
0.0292750000000 	0.000177617725150	
0.0293000000000 	0.000176091799677	
0.0293250000000 	0.000181585131382	
0.0293500000000 	0.000182195501572	
0.0293750000000 	0.000169988097781	
0.0294000000000 	0.000178838465529	
0.0294250000000 	0.000179143650624	
0.0294500000000 	0.000170293282876	
0.0294750000000 	0.000169682912687	
0.0295000000000 	0.000171208838160	
